0 0.17857142833333334 0.4113756608333334 0.18154761916666667 0.27645502666666666 0.1086309525 0.26322751333333333 0.034226190833333336 0.31878306833333336 0.055059524166666665 0.5634920641666666 0.13095238083333333 0.5634920641666666 0.30059523833333335 0.325396825 0.25297619083333334 0.32010582 0.17857142833333334 0.4113756608333334
10 0.25446428583333336 0.31349206416666664 0.32142857166666666 0.32407407416666667 0.38690476166666665 0.24867724916666664 0.3303571425 0.23809523833333335 0.25446428583333336 0.31349206416666664
8 0.34375 0.19179894166666667 0.34672619083333334 0.23941799 0.3928571425 0.24338624333333334 0.39732142833333334 0.17857142833333334 0.375 0.17328042333333335 0.34375 0.19179894166666667
8 0.40327380916666666 0.15608465666666668 0.3898809525 0.174603175 0.40773809499999997 0.23280423249999999 0.4330357141666667 0.21164021166666666 0.43601190500000003 0.20899470916666668 0.41815476166666665 0.1679894175 0.40327380916666666 0.15608465666666668
6 0.44494047583333335 0.14153439166666668 0.43005952416666665 0.13756613833333334 0.41517857166666666 0.16402116416666668 0.4345238091666667 0.2076719575 0.44494047583333335 0.18386243416666667 0.44494047583333335 0.14153439166666668
2 1 0.17592592583333333 0.9122023808333334 0.14417989416666666 0.8943452383333332 0.16137566083333332 0.9375 0.17328042333333335 0.9345238091666666 0.18783068833333333 0.8690476191666666 0.17328042333333335 0.8660714283333334 0.1970899475 1 0.23280423249999999 1 0.21560846583333335 0.9627976191666666 0.19973544999999998 0.9613095241666667 0.18121693166666666 1 0.19444444416666667 1 0.17592592583333333
5 0.7604166666666666 0.17195767250000002 0.8541666666666666 0.19179894166666667 0.8675595241666667 0.14153439166666668 0.7648809525 0.12962963 0.7604166666666666 0.17195767250000002
10 0.6741071425 0.1574074075 0.7529761908333333 0.174603175 0.751488095 0.14153439166666668 0.6904761908333333 0.134920635 0.6741071425 0.1574074075
10 0.6190476191666666 0.14814814833333334 0.6741071425 0.15476190499999998 0.6830357141666668 0.12433862416666666 0.6294642858333332 0.12037037 0.6190476191666666 0.14814814833333334
5 0.4657738091666667 0.14682539749999998 0.48809523833333335 0.14682539749999998 0.48809523833333335 0.12698412666666667 0.4657738091666667 0.12566137583333334 0.4657738091666667 0.14682539749999998
5 0.48809523833333335 0.14682539749999998 0.5193452383333333 0.14814814833333334 0.5208333333333334 0.12301587333333333 0.48809523833333335 0.12830687833333335 0.48809523833333335 0.14682539749999998