0 0.7648809525 0.6679894175000001 0.9330357149999999 0.5039682533333333 0.9345238091666666 0.4682539683333333 0.8586309525 0.4642857141666667 0.6979166666666666 0.6679894175000001 0.7232142858333332 0.7724867725 0.7752976191666666 0.7526455025000001 0.7648809525 0.6679894175000001
0 0.5744047616666667 0.7023809525 0.5818452383333333 0.794973545 0.6309523808333334 0.7883597883333333 0.6369047616666667 0.705026455 0.7142857141666668 0.5873015866666667 0.7142857141666668 0.5423280425 0.6473214283333333 0.5582010583333333 0.6488095241666666 0.6018518516666667 0.5744047616666667 0.7023809525
0 0.6979166666666666 0.6812169316666666 0.6383928575 0.7367724866666666 0.6785714283333333 0.804232805 0.7336309525 0.7843915341666667 0.6979166666666666 0.6812169316666666
14 0.34523809499999997 0.19047619083333334 0.34375 0.37566137583333337 0.40178571416666664 0.37566137583333337 0.40625 0.1970899475 0.34375 0.18915343916666666 0.34523809499999997 0.19047619083333334
14 0.3511904758333333 0.24867724916666664 0.2916666666666667 0.2552910058333333 0.3050595241666667 0.4219576725 0.3645833333333333 0.4153439158333333 0.3511904758333333 0.24867724916666664
14 0.47023809499999997 0.2791005283333333 0.48214285749999997 0.10185185166666667 0.42405449083333335 0.11192679916666667 0.4136904758333333 0.2724867725 0.47023809499999997 0.2791005283333333
14 0.4315476191666666 0.17195767250000002 0.4330357141666667 0.023809524166666665 0.3675595241666667 0.0026455025 0.3541666666666667 0.1679894175 0.4315476191666666 0.17328042333333335 0.4315476191666666 0.17195767250000002
13 0.14 0.22875 0.23833333333333334 0.355
13 0.30791666666666667 0.6454166666666666 0.1725 0.265
2 0.06166666666666667 0.81625 0.115 0.11333333333333333
10 0.1875 0.8375 0.12833333333333333 0.058333333333333334
10 0.2841666666666667 0.8570833333333333 0.07166666666666667 0.06333333333333334
0 0.35791666666666666 0.8645833333333334 0.07333333333333333 0.04833333333333333
5 0.47041666666666665 0.8695833333333334 0.14583333333333334 0.06