0 0.23809523833333335 0.2275132275 0.23065476166666665 0.33068783083333336 0.05952380916666667 0.5132275133333334 0.12797619083333334 0.5343915341666667 0.3050595241666667 0.3386243391666666 0.29315476166666665 0.23412698416666666 0.2752976191666667 0.21825396833333333 0.23809523833333335 0.2275132275
0 0.4315476191666666 0.28042328083333334 0.4122023808333333 0.19312169333333334 0.37202380916666666 0.1970899475 0.3645833333333333 0.21693121666666665 0.3645833333333333 0.2923280425 0.27678571416666664 0.42724867666666666 0.3541666666666667 0.44312169333333334 0.4270833333333333 0.31084656083333334 0.4315476191666666 0.28042328083333334
0 0.3273809525 0.19841269833333333 0.2886904758333333 0.19047619083333334 0.2648809525 0.20370370333333335 0.27976190500000003 0.22486772500000002 0.30952380916666666 0.32936508 0.36607142833333334 0.28703703666666663 0.3586309525 0.24603174666666666 0.33482142833333334 0.2552910058333333 0.3273809525 0.19841269833333333
13 0.6294642858333332 0.304232805 0.6130952383333333 0.32010582 0.626488095 0.4232804233333333 0.6607142858333332 0.4616402116666667 0.7633928575 0.44179894166666667 0.7276785716666667 0.294973545 0.6696428575 0.22883597833333336 0.6294642858333332 0.304232805
5 0.4979166666666667 0.13708333333333333 0.07 0.032916666666666664
5 0.5616666666666666 0.12958333333333333 0.06708333333333333 0.037083333333333336
0 0.64 0.135 0.06833333333333333 0.0475
10 0.7104166666666667 0.1475 0.07583333333333334 0.04625
10 0.7716666666666666 0.15791666666666668 0.07583333333333334 0.059583333333333335
10 0.82875 0.17666666666666667 0.0775 0.04875
2 0.9358333333333333 0.18916666666666668 0.12208333333333334 0.10041666666666667