5 0.21833333333333332 0.8920833333333333 0.08333333333333333 0.04666666666666667
5 0.29875 0.8941666666666667 0.07166666666666667 0.045
5 0.12583333333333332 0.8916666666666667 0.09 0.058333333333333334
12 0.45208333333333334 0.8508333333333333 0.0675 0.07416666666666667
10 0.40208333333333335 0.83 0.03833333333333333 0.04416666666666667
5 0.4 0.8808333333333334 0.065 0.04666666666666667
5 0.34375 0.89875 0.06583333333333333 0.029166666666666667
5 0.49625 0.8629166666666667 0.056666666666666664 0.04083333333333333
10 0.3329166666666667 0.8195833333333333 0.095 0.0675
3 0.81375 0.605 0.21916666666666668 0.31333333333333335
3 0.6954166666666667 0.7216666666666667 0.13083333333333333 0.1875