3 0.20458333333333334 0.36291666666666667 0.2425 0.32916666666666666
10 0.3491666666666667 0.3804166666666667 0.18583333333333332 0.21541666666666667
12 0.5854166666666667 0.15625 0.07 0.06875
10 0.9270833333333334 0.2525 0.125 0.07125
10 0.8079166666666666 0.21291666666666667 0.125 0.07666666666666666
10 0.6816666666666666 0.18666666666666668 0.11625 0.06875
2 0.9391666666666667 0.17916666666666667 0.11916666666666667 0.065
4 0.7120833333333333 0.12375 0.1325 0.0225
4 0.82125 0.14291666666666666 0.12791666666666668 0.037083333333333336
5 0.5245833333333333 0.13625 0.07875 0.03958333333333333
12 0.3883333333333333 0.20291666666666666 0.16083333333333333 0.13083333333333333