0 0.15541666666666668 0.40625 0.20083333333333334 0.32
10 0.31625 0.27625 0.10583333333333333 0.0925
8 0.38083333333333336 0.20958333333333334 0.10416666666666667 0.09666666666666666
8 0.5670833333333334 0.15791666666666668 0.12208333333333334 0.06208333333333333
13 0.6383333333333333 0.315 0.18166666666666667 0.27791666666666665
7 0.6545833333333333 0.18708333333333332 0.06541666666666666 0.065
2 0.93875 0.18958333333333333 0.1225 0.10916666666666666
10 0.83625 0.17375 0.08333333333333333 0.05416666666666667
10 0.76875 0.1575 0.055 0.037083333333333336
10 0.7129166666666666 0.14291666666666666 0.08916666666666667 0.045
0 0.63625 0.13375 0.057916666666666665 0.034583333333333334
5 0.49416666666666664 0.1375 0.06541666666666666 0.02125