13 0.6458333333333334 0.3055555558333333 0.6175595241666666 0.32936508 0.6755952383333333 0.4484126983333333 0.7663690475 0.42592592583333333 0.717261905 0.23809523833333335 0.6413690475 0.23677248666666667 0.6458333333333334 0.3055555558333333
13 0.8794642858333332 0.6878306883333334 0.8526785716666667 0.6468253975 0.78125 0.6878306883333334 0.7261904758333334 0.8306878308333333 0.7901785716666667 0.9431216933333334 0.9092261908333334 0.8915343916666666 0.9226190475 0.7169312166666667 0.8794642858333332 0.6878306883333334
14 0.5223214283333333 0.884920635 0.5714285716666667 0.8941798941666668 0.5803571425 0.7367724866666666 0.5282738091666667 0.7314814816666667 0.5223214283333333 0.884920635
14 0.7068452383333333 0.825396825 0.6532738091666667 0.8769841266666667 0.6532738091666667 0.9669312166666667 0.7008928575 0.9867724866666666 0.7113095241666666 0.8743386241666667 0.7410714283333333 0.8465608466666666 0.7068452383333333 0.825396825
14 0.6116071425 0.6190476191666666 0.595238095 0.7962962966666667 0.6398809525 0.8055555558333333 0.6413690475 0.8055555558333333 0.6651785716666667 0.6216931216666667 0.6116071425 0.6190476191666666
14 0.6636904758333334 0.7738095241666666 0.7083333333333334 0.7473544974999999 0.717261905 0.5886243391666667 0.6607142858333332 0.595238095 0.6636904758333334 0.7738095241666666
0 0.058035715 0.5317460316666667 0.1428571425 0.544973545 0.2946428575 0.3346560841666667 0.23511904749999998 0.325396825 0.058035715 0.5317460316666667
0 0.3913690475 0.35052910083333333 0.4270833333333333 0.27116402166666664 0.3675595241666667 0.27645502666666666 0.27232142833333334 0.4179894175 0.27678571416666664 0.44973545000000004 0.3616071425 0.44179894166666667 0.34821428583333336 0.39947089916666667 0.37351190500000003 0.3478835983333333 0.3913690475 0.35052910083333333
0 0.3229166666666667 0.26058201000000003 0.31696428583333336 0.185185185 0.26190476166666665 0.21031746 0.23363095250000002 0.24074074083333333 0.23511904749999998 0.32407407416666667 0.30059523833333335 0.3333333333333333 0.3616071425 0.275132275 0.3601190475 0.24074074083333333 0.33482142833333334 0.24338624333333334 0.3229166666666667 0.26058201000000003
0 0.37648809499999997 0.19841269833333333 0.3675595241666667 0.2738095241666667 0.4226190475 0.2671957675 0.4270833333333333 0.2235449733333333 0.41071428583333336 0.195767195 0.37648809499999997 0.19841269833333333
5 0.46726190500000003 0.14417989416666666 0.48809523833333335 0.14682539749999998 0.49107142833333334 0.12433862416666666 0.46726190500000003 0.12169312166666667 0.46726190500000003 0.14417989416666666
5 0.4895833333333333 0.14814814833333334 0.5223214283333333 0.14814814833333334 0.53125 0.12037037 0.48809523833333335 0.12169312166666667 0.4895833333333333 0.14814814833333334
5 0.5461309525 0.13888888916666667 0.5758928575 0.13888888916666667 0.5758928575 0.11772486750000001 0.5461309525 0.11904761916666667 0.5461309525 0.13888888916666667
5 0.5758928575 0.13888888916666667 0.6026785716666667 0.14021164 0.6101190475 0.11772486750000001 0.5758928575 0.11640211666666665 0.5758928575 0.13888888916666667
12 0.6458333333333334 0.13095238083333333 0.6205357141666668 0.13095238083333333 0.6175595241666666 0.14947089916666667 0.6696428575 0.15476190499999998 0.6770833333333334 0.12037037 0.6473214283333333 0.11507936499999999 0.6458333333333334 0.13095238083333333
10 0.6800595241666666 0.15476190499999998 0.748511905 0.1679894175 0.7589285716666667 0.12830687833333335 0.6815476191666666 0.12566137583333334 0.6800595241666666 0.15476190499999998
10 0.751488095 0.1679894175 0.7961309525 0.17857142833333334 0.8050595241666666 0.15608465666666668 0.7589285716666667 0.14550264499999999 0.751488095 0.1679894175
10 0.8601190475 0.19179894166666667 0.8660714283333334 0.16402116416666668 0.813988095 0.15476190499999998 0.7991071425 0.17724867666666666 0.8601190475 0.19179894166666667
2 1 0.174603175 0.9270833333333334 0.14417989416666666 0.8794642858333332 0.15476190499999998 0.9419642858333332 0.17328042333333335 0.9345238091666666 0.21957671916666666 1 0.23941799 1 0.174603175
10 0.9285714283333334 0.21560846583333335 0.9389880950000001 0.19179894166666667 0.875 0.17063492 0.8616071424999999 0.19444444416666667 0.9285714283333334 0.21560846583333335