0 0.20598036833333333 0.3907534008333334 0.07560210833333333 0.58615165 0.08157195 0.6213948841666667 0.15663141166666666 0.6094974108333333 0.2714813233333333 0.37683074333333333 0.22501029666666666 0.2798765766666667 0.17819034083333332 0.31011300166666667 0.20598036833333333 0.3907534008333334
0 0.385143795 0.3175111766666667 0.3586148283333333 0.22848891666666665 0.31195587166666666 0.24516809583333332 0.3234595391666667 0.3279179658333333 0.2722459225 0.4591586675 0.2815964483333333 0.5031494316666667 0.34379721750000003 0.47370062166666665 0.33326613 0.43131309583333327 0.385143795 0.3175111766666667
0 0.2687311683333333 0.36389228166666665 0.3154035908333333 0.2971750533333333 0.2620772291666667 0.2395424991666667 0.21234612 0.27039770916666667 0.2687311683333333 0.36389228166666665
14 0.7157336041666666 0.7705831616666666 0.6786870158333332 0.589135325 0.6219195216666666 0.6012016283333333 0.6546798783333333 0.77679902 0.7174641966666667 0.7715676158333333 0.7157336041666666 0.7705831616666666
14 0.6978106175000001 0.7148915058333334 0.7546586108333333 0.69604658 0.7069064708333334 0.5358065116666666 0.6500584775 0.5546514375 0.6978106175000001 0.7148915058333334
14 0.5750391183333333 0.70988444 0.6002465758333333 0.8857349475 0.6549708733333334 0.8638029108333334 0.6317261141666667 0.7045967583333334 0.5750391183333333 0.70988444
14 0.6351603666666666 0.806641765 0.6645065225 0.9518619133333334 0.7329521483333333 0.958950185 0.7116754066666666 0.7944348999999999 0.6348853516666667 0.80534792 0.6351603666666666 0.806641765
13 0.8775 0.69 0.245 0.39666666666666667
13 0.6575 0.3179166666666667 0.22416666666666665 0.295
2 0.8629166666666667 0.09958333333333333 0.13583333333333333 0.135
10 0.7354166666666667 0.105 0.1375 0.08333333333333333
10 0.6370833333333333 0.10583333333333333 0.08333333333333333 0.07666666666666666
0 0.5633333333333334 0.11375 0.08166666666666667 0.0625
5 0.45208333333333334 0.1325 0.155 0.08916666666666667