2 0.9583333333333334 0.24541666666666667 0.08333333333333333 0.1125
10 0.80875 0.19333333333333333 0.051666666666666666 0.065
10 0.86875 0.21416666666666667 0.08166666666666667 0.060833333333333336
10 0.7508333333333334 0.1725 0.08166666666666667 0.0625
0 0.6654166666666667 0.15291666666666667 0.085 0.0575
5 0.5458333333333333 0.14041666666666666 0.08083333333333333 0.04083333333333333
5 0.6025 0.13958333333333334 0.045 0.03666666666666667
13 0.6558333333333334 0.32875 0.185 0.2733333333333333
0 0.15791666666666668 0.37958333333333333 0.2808333333333333 0.3625
10 0.35083333333333333 0.2629166666666667 0.12166666666666667 0.11833333333333333
8 0.41791666666666666 0.19708333333333333 0.125 0.10083333333333333