10 0.90625 0.28375 0.16666666666666666 0.1125
10 0.74125 0.21416666666666667 0.16083333333333333 0.10333333333333333
10 0.5775 0.17208333333333334 0.15791666666666668 0.03958333333333333
0 0.4716666666666667 0.14833333333333334 0.050416666666666665 0.045
0 0.18 0.3904166666666667 0.22333333333333333 0.3120833333333333
0 0.3125 0.2554166666666667 0.13708333333333333 0.12708333333333333
1 0.9523809525 0.1878306875 0.953762755 0.1880196525 0.9538690475 0.1878306875 0.9537878791666666 0.18802308833333334 0.9910714283333334 0.19312169333333334 1 0.16666666666666666 0.8913690475 0.14814814833333334 0.8794642858333332 0.16798941833333333 0.9375 0.18121693083333335 0.9504608291666666 0.1938897425 0.9523809525 0.19047619083333334 0.9523809525 0.1878306875
1 0.9940476191666666 0.23280423249999999 1 0.21560846583333335 0.9523809525 0.20370370333333335 0.9538690475 0.20634920666666667 0.9523809525 0.20590828916666667 0.9523809525 0.20634920666666667 0.9518398266666666 0.20574795583333333 0.9449404758333333 0.20370370333333335 0.8913690475 0.1878306875 0.8854166666666666 0.20634920666666667 0.9940476191666666 0.23280423249999999
10 0.6696428575 0.14814814833333334 0.7455357141666668 0.15873015833333334 0.7559523808333334 0.12962963 0.6741071425 0.12169312166666667 0.6696428575 0.14814814833333334
10 0.75 0.16137566083333332 0.8541666666666666 0.19047619083333334 0.8690476191666666 0.16005291 0.7574404758333334 0.13756613833333334 0.75 0.16137566083333332
5 0.48660714250000003 0.14682539749999998 0.5386904758333334 0.14814814833333334 0.529761905 0.12433862416666666 0.4895833333333333 0.12301587333333333 0.48660714250000003 0.14682539749999998
13 0.6325 0.27625 0.125 0.20625