0 0.7510615591666666 0.7298013825 0.7086816608333334 0.7494983641666667 0.7032506641666667 0.7771034191666666 0.7359688158333334 0.7782459616666667 0.7635691533333334 0.7553857516666667 0.7620158783333333 0.6719473816666667 0.9383875708333332 0.48221989083333333 0.8597050583333333 0.47550156500000007 0.7508470216666667 0.6080265908333333 0.7510615591666666 0.7298013825
3 0.6491117466666666 0.792419095 0.65273031 0.7449243966666667 0.6478454124999999 0.7434032433333333 0.6384051516666667 0.5907779116666667 0.6382823108333333 0.5908601683333333 0.6383872633333333 0.5904886975 0.6383284741666667 0.5895382225 0.5919224033333333 0.6818902766666667 0.5850703033333334 0.792829835 0.6215114083333333 0.8152793075 0.6491117466666666 0.792419095
3 0.743342755 0.5206822316666666 0.6573587066666667 0.6841753625 0.65273031 0.7449243966666667 0.7052918125000001 0.7612920066666666 0.7525487475 0.7298533166666666 0.743342755 0.5206822316666666
3 0.6383872633333333 0.5904886975 0.6384051516666667 0.5907779116666667 0.7433353441666667 0.5205138458333334 0.7417555141666667 0.4846182516666667 0.6671652616666667 0.4886312908333333 0.6383872633333333 0.5904886975
10 0.3168323333333333 0.8416992933333333 0.2459089075 0.825987015 0.23434450250000002 0.8586721175 0.3099603116666667 0.8679304683333333 0.3168323333333333 0.8416992933333333
10 0.2518576633333333 0.8261947508333334 0.20012920083333335 0.81512345 0.19065210833333335 0.8306751941666667 0.23647797916666666 0.8402168141666667 0.2518576633333333 0.8261947508333334
10 0.19882666499999999 0.8097837341666667 0.13096994416666666 0.791531435 0.11224657583333332 0.816025195 0.19051361833333333 0.83464103 0.19882666499999999 0.8097837341666667
2 0 0.8170874058333334 0.084600075 0.8402073516666667 0.09258997833333334 0.8246036741666667 0.046856435 0.8124181616666667 0.047456558333333336 0.79523287 0.09295928583333334 0.8140281091666666 0.11159032666666666 0.7921782408333333 0 0.7428331891666666 0 0.771113635 0.028492411666666665 0.7839821666666666 0.0278922875 0.8011674591666667 0 0.7963561324999999 0 0.8170874058333334
0 0.35208333333333336 0.85875 0.07833333333333334 0.0375
5 0.4925 0.8591666666666666 0.07416666666666667 0.030833333333333334
5 0.4275 0.8683333333333333 0.06333333333333334 0.0275