0 0.28273809499999997 0.25793650833333337 0.2872023808333333 0.23015873083333332 0.25446428583333336 0.23015873083333332 0.2276785716666667 0.25396825333333334 0.23214285750000002 0.33730158666666665 0.0625 0.5330687833333333 0.14136904749999998 0.5370370366666667 0.24553571416666667 0.40079365083333335 0.2410714283333333 0.2791005283333333 0.28273809499999997 0.25793650833333337
3 0.34375 0.26190476166666665 0.3585110575 0.41410765833333335 0.3586309525 0.4140211641666667 0.35853902833333334 0.41439607166666664 0.3586309525 0.4153439158333333 0.40178571416666664 0.32142857166666666 0.40476190500000003 0.21031746 0.3675595241666667 0.18915343916666666 0.34077380916666666 0.21296296333333334 0.33881499083333333 0.26055501583333335 0.34375 0.26190476166666665
3 0.33881499083333333 0.26055501583333335 0.28571428583333336 0.24603174666666666 0.23958333333333334 0.2791005283333333 0.2560836833333333 0.4878229066666666 0.3363095241666667 0.32142857166666666 0.33881499083333333 0.26055501583333335
3 0.25609696666666665 0.4879909316666666 0.25892857166666666 0.5238095241666666 0.3333333333333333 0.5171957675 0.35853902833333334 0.41439607166666664 0.3585110575 0.41410765833333335 0.25609696666666665 0.4879909316666666
10 0.6711309525 0.15211640166666668 0.7425595241666666 0.16534391583333333 0.7529761908333333 0.13227513249999998 0.6770833333333334 0.12566137583333334 0.6711309525 0.15211640166666668
10 0.7366071425 0.16534391583333333 0.7886904758333334 0.174603175 0.7976190475 0.15873015833333334 0.751488095 0.15079365083333335 0.7366071425 0.16534391583333333
10 0.7901785716666667 0.17989418000000001 0.8586309525 0.195767195 0.8764880950000001 0.17063492 0.7976190475 0.15476190499999998 0.7901785716666667 0.17989418000000001
2 1 0.21560846583333335 0.9613095241666667 0.19973544999999998 0.9613095241666667 0.1825396825 1 0.18783068833333333 0.9985119049999999 0.1679894175 0.9032738091666666 0.14550264499999999 0.8958333333333334 0.16137566083333332 0.9419642858333332 0.17195767250000002 0.9419642858333332 0.18915343916666666 0.8958333333333334 0.17195767250000002 0.8779761908333334 0.19444444416666667 1 0.24338624333333334 1 0.21560846583333335
0 0.6354166666666666 0.13625 0.0775 0.034583333333333334
5 0.495 0.14083333333333334 0.07291666666666667 0.027916666666666666
5 0.5595833333333333 0.12916666666666668 0.0625 0.025