14 0.2688932883333333 0.4637393691666667 0.2777780091666667 0.6069871941666667 0.3330889716666667 0.60748046 0.3317472933333333 0.6060094075 0.32082956916666666 0.46786805500000006 0.2688932883333333 0.4637393691666667
14 0.7837139125 0.3489344466666667 0.7619295583333333 0.34265470583333335 0.7401758933333333 0.4215005866666667 0.7705633766666667 0.4313446258333334 0.7837139125 0.3489344466666667
14 0.8076695358333333 0.3487922091666667 0.7804774958333334 0.35125436083333333 0.77005129 0.42198054166666665 0.8076029325 0.42060722916666665 0.8076695358333333 0.3487922091666667
14 0.7998550233333332 0.35196098333333337 0.8010021183333333 0.3268108375 0.7716797825 0.32106885999999996 0.7791358166666666 0.3497833066666666 0.7998550233333332 0.35196098333333337
0 0.1833536766666667 0.2525831075 0.1420945025 0.23228614583333335 0.04869418083333333 0.2809910225 0.04249265416666667 0.5250660983333333 0.10867530666666667 0.5360122866666667 0.3241991908333334 0.3219181016666667 0.2655954933333333 0.2958080441666667 0.17978947083333333 0.3719118616666667 0.1833536766666667 0.2525831075
10 0.33497359 0.31906042333333334 0.3971005183333333 0.24046783333333333 0.3582481708333333 0.2257439875 0.27341000583333336 0.29263927 0.33497359 0.31906042333333334
5 0.4058828875 0.22809052416666664 0.45859244 0.19638947333333334 0.46500895583333335 0.16381294083333334 0.4362396808333333 0.15280894333333334 0.3648439258333333 0.17722584583333334 0.3623141791666667 0.2155310433333333 0.4058828875 0.22809052416666664
2 1 0.20964780500000002 0.9382579616666668 0.18828270583333334 0.9068616491666668 0.20227330583333333 0.9633350516666667 0.22017923666666667 0.9655626391666667 0.24169396416666666 0.9095040325 0.21984151833333332 0.9004451333333333 0.23484983833333337 1 0.29350481666666667 1 0.258707035 0.9867939316666667 0.2532357241666667 0.9926164133333333 0.24054731833333334 1 0.24196100916666666 1 0.20964780500000002
10 0.7475 0.165 0.09166666666666666 0.060833333333333336
10 0.8416666666666667 0.20333333333333334 0.11666666666666667 0.06666666666666667
5 0.5329166666666667 0.14 0.08 0.02666666666666667
5 0.6029166666666667 0.14041666666666666 0.06333333333333334 0.030833333333333334