14 0.5104166666666666 0.8439153433333333 0.561011905 0.8346560841666667 0.5565476191666666 0.6732804233333334 0.4970238091666667 0.67989418 0.5104166666666666 0.8439153433333333
14 0.6056547616666667 0.7843915341666667 0.65625 0.7817460316666667 0.6532738091666667 0.6190476191666666 0.6071428575 0.6124338616666666 0.6056547616666667 0.7843915341666667
14 0.657738095 0.7261904758333334 0.6934523808333334 0.7208994716666667 0.6800595241666666 0.5674603174999999 0.6383928575 0.5925925925000001 0.657738095 0.7261904758333334
14 0.7842261908333333 0.6269841266666667 0.8333333333333334 0.6216931216666667 0.8318452383333333 0.48941799 0.779761905 0.49206349166666663 0.7842261908333333 0.6269841266666667
13 0.9464285716666666 0.5595238091666667 0.8973214283333334 0.5806878308333333 0.8928571424999999 0.62962963 0.9940476191666666 0.75 0.9985119049999999 0.5132275133333334 0.9657738091666666 0.5026455025000001 0.9464285716666666 0.5595238091666667
13 0.6919642858333332 0.30820105833333333 0.7008928575 0.23544973500000002 0.6398809525 0.23280423249999999 0.6383928575 0.2962962966666667 0.6086309525 0.3386243391666666 0.6636904758333334 0.4642857141666667 0.7663690475 0.43650793583333336 0.7619047616666667 0.43650793583333336 0.748511905 0.33994709 0.6919642858333332 0.30820105833333333
5 0.46130952416666665 0.14550264499999999 0.48660714250000003 0.14682539749999998 0.49107142833333334 0.12433862416666666 0.46130952416666665 0.12169312166666667 0.46130952416666665 0.14550264499999999
5 0.48809523833333335 0.14947089916666667 0.5223214283333333 0.15079365083333335 0.532738095 0.12169312166666667 0.48809523833333335 0.12962963 0.48809523833333335 0.14947089916666667
5 0.5461309525 0.14153439166666668 0.5818452383333333 0.14417989416666666 0.5758928575 0.12037037 0.5476190475 0.12037037 0.5461309525 0.14153439166666668
10 0.6636904758333334 0.15343915333333333 0.751488095 0.16666666666666666 0.7529761908333333 0.13359788333333333 0.6785714283333333 0.12433862416666666 0.6636904758333334 0.15343915333333333
10 0.7440476191666666 0.16402116416666668 0.7976190475 0.17592592583333333 0.8005952383333333 0.14682539749999998 0.7559523808333334 0.14153439166666668 0.7440476191666666 0.16402116416666668
10 0.8586309525 0.19047619083333334 0.8705357141666668 0.16931216916666667 0.8125 0.14947089916666667 0.7961309525 0.17328042333333335 0.8586309525 0.19047619083333334
2 1 0.17989418000000001 0.9211309525 0.14947089916666667 0.8839285716666666 0.15476190499999998 0.9449404758333333 0.174603175 0.9300595241666667 0.21560846583333335 1 0.23544973500000002 1 0.21296296333333334 0.9642857141666668 0.20370370333333335 0.9642857141666668 0.18783068833333333 1 0.19312169333333334 1 0.17989418000000001
10 0.9300595241666667 0.21164021166666666 0.9404761908333334 0.19047619083333334 0.8720238091666666 0.17063492 0.8645833333333334 0.19179894166666667 0.9300595241666667 0.21164021166666666
0 0.4345238091666667 0.27645502666666666 0.4211309525 0.205026455 0.3586309525 0.20634920666666667 0.3601190475 0.2883597883333333 0.28571428583333336 0.4391534391666666 0.3571428575 0.44973545000000004 0.3883928575 0.3571428575 0.4345238091666667 0.27645502666666666
0 0.23214285750000002 0.32936508 0.05952380916666667 0.5105820099999999 0.12797619083333334 0.525132275 0.30803571416666664 0.3386243391666666 0.2886904758333333 0.2275132275 0.24255952416666668 0.23280423249999999 0.23214285750000002 0.32936508
0 0.3303571425 0.25925925916666664 0.31547619083333334 0.195767195 0.26934523833333335 0.21428571416666667 0.31547619083333334 0.3174603175 0.36309523833333335 0.2698412691666667 0.35565476166666665 0.23677248666666667 0.3303571425 0.25925925916666664