0 0.6324960641666667 0.19403367333333332 0.7656894541666667 0.21575822333333336 0.7889362766666667 0.14539209 0.7442765266666667 0.06397959166666667 0.4990495816666667 0.050553266666666666 0.4884873375 0.1257075391666667 0.7006557283333333 0.3268358966666667 0.7125225316666666 0.28041664083333334 0.6324960641666667 0.19403367333333332
10 0.71886482 0.28281071 0.6990661658333334 0.3476505733333333 0.76461671 0.42298276333333334 0.782965645 0.36845819333333335 0.71886482 0.28281071
8 0.8325905458333334 0.44305490000000003 0.8409366016666666 0.4216870683333333 0.8269474641666666 0.3881639116666667 0.779377635 0.3844838475 0.7690278133333334 0.42961358166666663 0.8325905458333334 0.44305490000000003
8 0.7774358116666666 0.445822445 0.7948731183333334 0.4738193316666667 0.7970786691666667 0.47713474166666664 0.8401701341666666 0.4651582158333333 0.8540300666666667 0.45207890666666667 0.8375556949999999 0.43623910833333335 0.7774358116666666 0.445822445
6 0.7985956508333334 0.47584521916666667 0.8207237416666666 0.4894741566666666 0.8626398499999999 0.49536508166666665 0.8686405133333334 0.48118122416666664 0.8445139741666667 0.4627632641666667 0.7985956508333334 0.47584521916666667
2 0.7726189383333334 1 0.7949898058333333 0.9577114433333332 0.7804466208333333 0.9376348966666666 0.7626517325000001 0.9787128566666666 0.7486572758333333 0.9737406241666667 0.7721784625 0.91092665 0.7490148566666667 0.9046657775 0.7086824875000001 1 0.7726189383333334 1
5 0.7886068466666667 0.8035369775 0.7559111933333333 0.8936132383333334 0.8038226466666667 0.9138712308333333 0.8299016475 0.8138487424999999 0.7886068466666667 0.8035369775
10 0.8150274741666667 0.7200924175 0.7870226041666667 0.7958007291666667 0.8199766675 0.7989294008333333 0.8350172758333333 0.7394317166666666 0.8150274741666667 0.7200924175
10 0.8318594275 0.6668573691666666 0.8176472308333333 0.7204606 0.8465318175 0.7335363816666667 0.8579171541666667 0.6810385808333334 0.8318594275 0.6668573691666666
5 0.8545008966666667 0.5152593008333333 0.8513943541666666 0.5373634991666666 0.8710425308333334 0.5401248708333334 0.8754589516666665 0.5182047633333333 0.8545008966666667 0.5152593008333333
5 0.8513943541666666 0.5373634991666666 0.8457353166666667 0.568125285 0.8704159033333334 0.573096635 0.8697326525 0.5399407791666667 0.8513943541666666 0.5373634991666666