4 0.6592261908333333 0.13888888916666667 0.6800595241666666 0.13756613833333334 0.6845238091666667 0.11640211666666665 0.6592261908333333 0.11640211666666665 0.6592261908333333 0.13888888916666667
4 0.6830357141666668 0.13888888916666667 0.7068452383333333 0.14021164 0.7083333333333334 0.10978836000000002 0.686011905 0.1071428575 0.6830357141666668 0.13888888916666667
4 0.7038690475 0.13624338583333334 0.7351190475 0.14417989416666666 0.7380952383333333 0.11111111083333335 0.7113095241666666 0.1071428575 0.7038690475 0.13624338583333334
4 0.7336309525 0.1428571425 0.7678571425 0.14682539749999998 0.7708333333333334 0.11507936499999999 0.7425595241666666 0.11507936499999999 0.7336309525 0.1428571425
4 0.7678571425 0.1428571425 0.7976190475 0.14682539749999998 0.8005952383333333 0.11772486750000001 0.7708333333333334 0.11507936499999999 0.7678571425 0.1428571425
4 0.7976190475 0.14947089916666667 0.8348214283333333 0.15343915333333333 0.8407738091666667 0.12830687833333335 0.8020833333333334 0.12301587333333333 0.7976190475 0.14947089916666667
4 0.8333333333333334 0.15079365083333335 0.8735119049999999 0.15873015833333334 0.8779761908333334 0.12698412666666667 0.8407738091666667 0.12698412666666667 0.8333333333333334 0.15079365083333335
4 0.8794642858333332 0.15873015833333334 0.9181547616666668 0.16931216916666667 0.9241071424999999 0.13756613833333334 0.8839285716666666 0.13359788333333333 0.8794642858333332 0.15873015833333334
10 1 0.3465608466666667 0.96875 0.3465608466666667 0.8630952383333332 0.294973545 0.8541666666666666 0.2671957675 0.8288690475 0.2738095241666667 0.8318452383333333 0.3055555558333333 0.9776785716666666 0.4087301583333333 1 0.39417989416666666 1 0.3465608466666667
13 0.9613095241666667 0.20105820083333334 0.9315476191666666 0.19444444416666667 0.9047619049999999 0.21693121666666665 0.8958333333333334 0.24206349166666666 0.8675595241666667 0.2552910058333333 0.8779761908333334 0.28703703666666663 0.9717261908333334 0.3359788358333333 0.9925595241666667 0.3320105825 0.9761904758333333 0.28571428583333336 0.9672619049999999 0.2566137566666667 0.9613095241666667 0.20105820083333334
4 0.9315476191666666 0.15079365083333335 0.9300595241666667 0.17063492 0.9672619049999999 0.17857142833333334 0.9717261908333334 0.17328042333333335 0.9791666666666666 0.15079365083333335 0.9315476191666666 0.15079365083333335
3 0.4136904758333333 0.20370370333333335 0.3616071425 0.20370370333333335 0.33184523833333335 0.22883597833333336 0.34523809499999997 0.3267195766666667 0.29315476166666665 0.40476190500000003 0.2738095241666667 0.25396825333333334 0.22916666666666666 0.2910052908333333 0.24553571416666667 0.45767195750000006 0.23065476166666665 0.514550265 0.34077380916666666 0.5105820099999999 0.35565476166666665 0.39550264500000004 0.40773809499999997 0.32010582 0.4136904758333333 0.20370370333333335
3 0.248511905 0.21957671916666666 0.22619047583333332 0.23941799 0.23214285750000002 0.3346560841666667 0.14880952416666665 0.4074074075 0.125 0.2843915341666667 0.09077380916666668 0.325396825 0.1071428575 0.44973545000000004 0.07886904833333333 0.5066137566666666 0.17261904749999998 0.5238095241666666 0.2886904758333333 0.325396825 0.28571428583333336 0.23015873083333332 0.248511905 0.21957671916666666
12 0.53125 0.17063492 0.5833333333333334 0.18386243416666667 0.595238095 0.134920635 0.532738095 0.13624338583333334 0.53125 0.17063492