0 0.22648599833333335 0.7080558291666667 0.22591464000000003 0.7407889383333334 0.24925306083333335 0.7679861066666667 0.332651615 0.7649768675 0.5254283191666667 0.9380104966666666 0.5307724225 0.8592227166666667 0.3963677466666667 0.75269414 0.27461524583333335 0.7550339083333334 0.25418163250000003 0.7130042241666666 0.22648599833333335 0.7080558291666667
3 0.25921408583333333 0.6520708675 0.4116514175 0.639968365 0.41156702916666665 0.6398469783333334 0.411940275 0.6399454316666667 0.41288957916666663 0.6398700641666667 0.3197416933333333 0.5950828258333333 0.20869944583333333 0.5901679325 0.1868893775 0.6269952841666667 0.2102278 0.6541924525 0.2577784183333333 0.6569815683333333 0.25921408583333333 0.6520708675
3 0.2577784183333333 0.6569815683333333 0.2423306258333333 0.70982072 0.274589275 0.7565217766666666 0.48356783499999995 0.7436666475 0.31859897583333335 0.6605490441666667 0.2577784183333333 0.6569815683333333
3 0.48373606583333334 0.7436562983333334 0.5195986216666666 0.7414502458333333 0.5142844141666667 0.66694139 0.411940275 0.6399454316666667 0.4116514175 0.639968365 0.48373606583333334 0.7436562983333334
10 0.13674618166666666 0.240644655 0.12880892 0.3164105275 0.15515603333333333 0.3228237058333333 0.16962813333333335 0.25163686500000004 0.13674618166666666 0.240644655
10 0.16397630416666667 0.19647030166666668 0.15523590916666669 0.24245571666666668 0.16952425000000002 0.25758833999999997 0.1796910783333333 0.2056745358333333 0.16397630416666667 0.19647030166666668
10 0.1772557075 0.1178210325 0.160008655 0.19640104583333332 0.18500724833333335 0.20427900666666665 0.20207250416666667 0.13611407416666668 0.1772557075 0.1178210325
2 0.17566310083333334 0 0.152594735 0.09060077916666666 0.16833547916666666 0.09831714416666668 0.17972097499999998 0.052377899166666665 0.19691412333333333 0.052678006666666666 0.17891587916666665 0.09850182583333333 0.20108757583333334 0.11674869666666667 0.2502959733333333 0 0.22227261083333333 0 0.20783214333333333 0.03352039666666667 0.19063899416666666 0.03322028916666667 0.19577406083333335 0 0.17566310083333334 0
0 0.13875 0.35833333333333334 0.03666666666666667 0.07833333333333334
5 0.14083333333333334 0.49875 0.03 0.07416666666666667
5 0.13041666666666665 0.43375 0.025833333333333333 0.06333333333333334