2 0.9425 0.18916666666666668 0.10875 0.10041666666666667
10 0.7691666666666667 0.15791666666666668 0.044583333333333336 0.059583333333333335
10 0.83125 0.17125 0.07583333333333334 0.051666666666666666
10 0.7091666666666666 0.14416666666666667 0.07583333333333334 0.05291666666666667
0 0.6220833333333333 0.13541666666666666 0.08041666666666666 0.04875
5 0.5016666666666667 0.1375 0.0775 0.03166666666666667
5 0.5579166666666666 0.12958333333333333 0.041666666666666664 0.03166666666666667
13 0.63375 0.31083333333333335 0.15458333333333332 0.25666666666666665
0 0.14583333333333334 0.4220833333333333 0.24125 0.3358333333333333
10 0.3229166666666667 0.28291666666666665 0.11 0.10583333333333333
8 0.38166666666666665 0.20916666666666667 0.11458333333333333 0.0875