14 0.5595631666666667 0.67226714 0.5001638491666667 0.6799187233333334 0.5164172308333334 0.8436811675 0.5668431666666667 0.8335403100000001 0.5595631666666667 0.67226714
14 0.6553281325 0.6163544908333334 0.6090887808333333 0.6105468366666666 0.6106019866666667 0.78250429 0.6611433483333333 0.7789761816666667 0.6553281325 0.6163544908333334
14 0.681209445 0.5643075708333334 0.6399877433333333 0.5901632016666667 0.6616616391666666 0.7234031166666667 0.6972781441666667 0.7174896183333334 0.681209445 0.5643075708333334
14 0.831610015 0.4836281033333334 0.7795807849999999 0.48718218166666666 0.78639908 0.622004355 0.8354064025 0.6158571183333333 0.831610015 0.4836281033333334
13 0.9986668308333333 0.5045252666666667 0.9657490400000001 0.4945162258333334 0.9473994124999999 0.5517234908333333 0.8986691108333335 0.5737413266666667 0.8950596574999999 0.6227535841666667 0.9983354750000001 0.7413396041666667 0.9986668308333333 0.5045252666666667
13 0.6962452216666667 0.23198396333333335 0.6351964391666667 0.2304036683333333 0.63481666 0.2939120333333333 0.6057980141666667 0.3367530458333333 0.6630422450000001 0.46143436083333333 0.7652203891666667 0.43186882499999996 0.7607567833333333 0.4319467375 0.7456807466666667 0.33563433583333335 0.6885876958333333 0.30488003166666666 0.6962452216666667 0.23198396333333335
5 0.4845165933333333 0.12455166416666666 0.45471305166666665 0.12242598166666667 0.45512858500000003 0.14623187833333331 0.4804454358333334 0.14711292499999998 0.4845165933333333 0.12455166416666666
5 0.5261307433333333 0.12117938083333334 0.4816331975 0.12989380583333335 0.481979475 0.14973205333333334 0.5162235375 0.15045727416666668 0.5261307433333333 0.12117938083333334
5 0.5692558483333333 0.11910367666666666 0.5409863441666667 0.1195971225 0.5398678391666667 0.1407838916666667 0.5756228558333334 0.14280569083333333 0.5692558483333333 0.11910367666666666
10 0.7465430625 0.129238645 0.6719880358333333 0.12127933833333332 0.6576172241666667 0.15063514333333333 0.7456323233333333 0.16232836250000002 0.7465430625 0.129238645
10 0.7943857091666666 0.14163307749999998 0.7496573108333333 0.1371220025 0.7381468099999999 0.15981311750000002 0.7919178458333334 0.170781115 0.7943857091666666 0.14163307749999998
10 0.8063348283333334 0.14407040916666666 0.7903838074999999 0.16816198666666668 0.8531743958333333 0.18426436 0.8647079816666667 0.162895795 0.8063348283333334 0.14407040916666666
2 0.9587668958333334 0.17977533 0.9945680825 0.18444222916666667 0.9943372308333333 0.17121673083333333 0.9149492358333333 0.1421745375 0.8778448616666666 0.14811400916666664 0.9391937516666666 0.16688745249999998 0.9250307075 0.20814620666666667 0.9953068091666667 0.22676382416666666 0.9949143608333333 0.2042804775 0.9590439175000001 0.1956459275 0.9587668958333334 0.17977533
10 0.866218935 0.16419237333333334 0.859148955 0.18548302583333334 0.9249614516666665 0.20417855666666665 0.9350071691666667 0.18283596333333332 0.866218935 0.16419237333333334
0 0.35644672083333334 0.29083328166666667 0.28468500333333335 0.44290250750000004 0.35628737833333335 0.4522363066666667 0.385916655 0.35911242833333334 0.43063238416666666 0.27763179083333334 0.4159949666666667 0.20644783583333334 0.35352757083333336 0.20886116083333334 0.35644672083333334 0.29083328166666667
0 0.2839671091666667 0.23124258833333333 0.23793552416666666 0.2373378833333333 0.2292056633333333 0.33406582 0.0597755775 0.5182677675 0.12847147083333332 0.5316211583333333 0.3052485575 0.3419991558333333 0.2839671091666667 0.23124258833333333
0 0.35909926583333335 0.2722656408333333 0.3510827925 0.2393317491666667 0.326181475 0.26225660083333335 0.3101947 0.19903391583333332 0.26439396666666665 0.21835471083333333 0.31231853833333334 0.32070850333333334 0.35909926583333335 0.2722656408333333