13 0.64 0.3129166666666667 0.15458333333333332 0.2658333333333333
0 0.3020833333333333 0.32010582 0.24702380916666664 0.32010582 0.17857142833333334 0.39021163999999997 0.16517857166666666 0.2791005283333333 0.13690476166666668 0.275132275 0.050595238333333334 0.32275132333333334 0.1086309525 0.5846560841666667 0.2946428575 0.35846560833333335 0.3020833333333333 0.32010582
10 0.325 0.27625 0.12041666666666667 0.07125
8 0.36833333333333335 0.22083333333333333 0.07291666666666667 0.060833333333333336
8 0.41 0.19791666666666666 0.049166666666666664 0.059583333333333335
5 0.43083333333333335 0.16916666666666666 0.037083333333333336 0.06333333333333334
5 0.515 0.13708333333333333 0.03875 0.032916666666666664
5 0.5608333333333333 0.12958333333333333 0.035833333333333335 0.034583333333333334
0 0.6354166666666666 0.13375 0.06541666666666666 0.03958333333333333
10 0.7129166666666666 0.145 0.08041666666666666 0.032916666666666664
10 0.76625 0.16083333333333333 0.0625 0.03833333333333333
10 0.8220833333333334 0.16875 0.07875 0.04875
2 0.93375 0.18916666666666668 0.12333333333333334 0.09