5 0.82125 0.13958333333333334 0.08041666666666666 0.03833333333333333
5 0.74125 0.12916666666666668 0.06833333333333333 0.03833333333333333
5 0.9129166666666667 0.14958333333333335 0.085 0.050416666666666665
12 0.5841666666666666 0.15625 0.060833333333333336 0.06875
10 0.6316666666666667 0.18208333333333335 0.034166666666666665 0.04083333333333333
5 0.6391666666666667 0.13166666666666665 0.060833333333333336 0.04083333333333333
5 0.6970833333333334 0.11958333333333333 0.06416666666666666 0.0225
5 0.5416666666666666 0.13958333333333334 0.05375 0.035833333333333335
10 0.6995833333333333 0.19958333333333333 0.08916666666666667 0.058333333333333334
3 0.19875 0.36291666666666667 0.18916666666666668 0.295
3 0.32875 0.25916666666666666 0.11291666666666667 0.17708333333333334