4 0.5671358083333333 0.11109513083333333 0.5870303 0.10477163166666667 0.5862419366666667 0.08315626333333333 0.561695765 0.08927631166666666 0.5671358083333333 0.11109513083333333
4 0.5902380866666667 0.10533508583333333 0.6136603683333333 0.10085849999999999 0.6077442033333333 0.07097891833333334 0.5854458116666666 0.07381204083333333 0.5902380866666667 0.10533508583333333
4 0.6098125758333333 0.09772812583333333 0.6420543325 0.09786882666666667 0.636942055 0.06506232166666667 0.6099919833333333 0.06769199333333333 0.6098125758333333 0.09772812583333333
4 0.6402904375 0.09694536916666666 0.6744599716666666 0.092515685 0.6696676958333333 0.06099263916666666 0.64223374 0.06783269333333333 0.6402904375 0.09694536916666666
4 0.6734999633333334 0.08866530416666667 0.7033378208333334 0.08531562833333334 0.6991855499999999 0.056359502500000005 0.6696676958333333 0.06099263916666666 0.6734999633333334 0.08866530416666667
4 0.703977825 0.0878825475 0.7410351441666666 0.08273285666666666 0.7407306658333334 0.056907106666666665 0.7019094525 0.061133339999999994 0.703977825 0.0878825475
4 0.7389512466666667 0.08052594 0.7798563583333333 0.07850662333333333 0.7765079758333333 0.04662357583333333 0.7404106633333334 0.05562364666666666 0.7389512466666667 0.08052594
4 0.7856319275 0.07706661166666667 0.8257331516666666 0.07797421833333333 0.8238286608333333 0.04573116916666667 0.7838835574999999 0.05160086416666666 0.7856319275 0.07706661166666667
10 0.9414093033333334 0.29588035749999997 0.9595476625 0.27636225583333335 0.9480275724999999 0.23015769749999998 0.9177058308333333 0.23771775666666664 0.8027093691666667 0.21322301833333335 0.7873259616666667 0.18843037666666668 0.7643798025 0.200967725 0.7749476483333333 0.2310507575 0.9414093033333334 0.29588035749999997
13 0.9102051775 0.176878585 0.8945017683333333 0.1508024825 0.8752860933333333 0.098337175 0.8448082316666666 0.09911993166666666 0.82425821 0.12741880166666666 0.8216749025 0.15396455833333333 0.7974409716666667 0.17363921166666665 0.8152282791666667 0.20192223 0.9180335958333334 0.22673007083333332 0.9372880825000001 0.21783965249999998 0.9102051775 0.176878585
4 0.8786732875 0.06886449666666666 0.8804527066666666 0.04524566333333333 0.8342481483333333 0.056765753333333335 0.8376042941666666 0.076377655 0.87562162 0.075078345 0.8786732875 0.06886449666666666
3 0.24217549416666667 0.5792785708333333 0.3480635275 0.5487879808333334 0.33466223416666663 0.43352693666666664 0.36695832666666667 0.34776962083333335 0.3445736758333333 0.23338513333333333 0.29403744 0.24598523166666666 0.27123963916666666 0.2775710275 0.3079148566666667 0.3693070391666667 0.27625876916666664 0.4576312758333333 0.22100788166666666 0.3159968766666667 0.18665117833333333 0.36273384 0.2428543108333333 0.5204897633333333 0.24217549416666667 0.5792785708333333
3 0.18810370583333333 0.6023029 0.25272694083333336 0.3817036858333333 0.22679897583333333 0.29001457583333334 0.18814164416666665 0.2887469658333333 0.171283295 0.31339890833333334 0.20009904583333332 0.40436801250000004 0.1368412066666667 0.49511846916666663 0.08397869416666667 0.3815167375 0.060689245 0.42958406166666663 0.10665229833333334 0.5462692666666666 0.09297845 0.6082980983333334 0.18810370583333333 0.6023029
12 0.45064111666666673 0.17285841166666666 0.5043773783333333 0.17309291333333335 0.5040884241666667 0.12272487166666667 0.4437649441666666 0.13912845 0.45064111666666673 0.17285841166666666