4 0.8118642658333334 0.7418571766666666 0.8081076858333334 0.7623916733333334 0.8275630375 0.7718433908333334 0.833683085 0.7472972191666667 0.8118642658333334 0.7418571766666666
4 0.8061042208333333 0.7649594558333334 0.7990607158333333 0.7877417325 0.8282202916666667 0.7965456825 0.8361872533333333 0.7755273008333333 0.8061042208333333 0.7649594558333334
4 0.8036311016666666 0.7858139550000001 0.7883702825000001 0.8142156816666667 0.8197367758333333 0.8251035291666666 0.8300672058333334 0.8000734725 0.8036311016666666 0.7858139550000001
4 0.790013745 0.8130917916666667 0.7778833 0.84534131 0.8079663333333333 0.8559091558333334 0.8148063875 0.8284751991666667 0.790013745 0.8130917916666667
4 0.7817336808333334 0.8463013175 0.7706832433333333 0.8742191591666667 0.7981993575 0.884147 0.8079663333333333 0.8559091558333334 0.7817336808333334 0.8463013175
4 0.7681163241666666 0.8735791541666666 0.7552658741666666 0.9087164583333334 0.7782116016666667 0.920572075 0.7927055141666667 0.8843108816666667 0.7681163241666666 0.8735791541666666
4 0.7581927966666667 0.9079125708333333 0.7407719608333333 0.9449776525000001 0.7704949908333333 0.9569893899999999 0.7794950616666667 0.9208920774999999 0.7581927966666667 0.9079125708333333
4 0.7393319491666667 0.9507532216666668 0.7197041966666666 0.9857344050000001 0.7490672233333333 0.9991900349999999 0.76263768 0.9611649466666667 0.7393319491666667 0.9507532216666668
10 0.5334724808333333 1 0.5354804658333333 0.9919464125 0.6110956049999999 0.9019101466666666 0.6402082808333334 0.8999668441666667 0.6399110283333334 0.8738206600000001 0.6083879841666666 0.8690283849999999 0.47299783166666665 0.98556965 0.477994335 1 0.5334724808333333 1
13 0.6884089375 1 0.6920784316666666 0.9926493900000001 0.6767396633333334 0.9612192833333334 0.6545139416666667 0.9464758808333332 0.6485193941666666 0.9158418991666667 0.6151963366666666 0.9182690866666667 0.54502814 0.9973942175 0.5448817375 1 0.6884089375 1
3 0.5510424508333334 0.23513543833333334 0.5282526225 0.34294348750000003 0.6363136108333333 0.38522263 0.6968707291666667 0.4539990091666667 0.8083751941666667 0.48793479916666666 0.8209752925 0.4373985633333334 0.80378961 0.4024406675 0.7055735475 0.3917555133333333 0.6424495083333333 0.32233913000000003 0.7934439808333333 0.34004881416666666 0.7683071866666666 0.28777197 0.6026312008333333 0.26333447083333333 0.5510424508333334 0.23513543833333334
3 0.5560983408333333 0.17658361583333335 0.7205371150000001 0.3372076025 0.8136662366666667 0.3573599983333333 0.8329339875 0.3238227075 0.81908213 0.29736428249999997 0.7252330025 0.28009967333333335 0.6748028625 0.1816415575 0.7999246841666667 0.18829951166666667 0.76841749 0.14516990666666668 0.6438122225 0.13097248916666668 0.5954634983333333 0.089778425 0.5560983408333333 0.17658361583333335
12 0.8120214699999999 0.6100023658333333 0.7865867708333334 0.6573385766666666 0.8311947675 0.6807298083333333 0.8450314258333332 0.6197663233333334 0.8120214699999999 0.6100023658333333