0 0.14875 0.43666666666666665 0.22833333333333333 0.33666666666666667
10 0.2975 0.29291666666666666 0.11333333333333333 0.10166666666666667
8 0.35583333333333333 0.22125 0.1125 0.105
8 0.5370833333333334 0.15333333333333332 0.12666666666666668 0.07166666666666667
13 0.6216666666666667 0.30375 0.205 0.29333333333333333
7 0.6266666666666667 0.175 0.07083333333333333 0.07083333333333333
2 0.91 0.1525 0.13166666666666665 0.11916666666666667
10 0.8066666666666666 0.14583333333333334 0.0875 0.060833333333333336
10 0.7379166666666667 0.13541666666666666 0.058333333333333334 0.041666666666666664
10 0.6808333333333333 0.12583333333333332 0.0925 0.0525
0 0.60375 0.12333333333333334 0.060833333333333336 0.04
5 0.4625 0.13958333333333334 0.06666666666666667 0.0275