0 0.8005288883333334 0.6043832141666666 0.9262112716666667 0.3880259233333333 0.8547524508333333 0.3828027708333333 0.7262457891666667 0.6133875475 0.7613522233333333 0.7125286533333334 0.78232234 0.7239778616666667 0.8164883466666667 0.7065872016666667 0.8005288883333334 0.6043832141666666
0 0.616091965 0.6985505466666667 0.6545799708333333 0.7792628683333334 0.692836105 0.7663581083333333 0.6956225675 0.7453516266666667 0.6786619716666666 0.6718872166666667 0.733858805 0.5206744225 0.6548904691666667 0.5226151575 0.6135980824999999 0.6679027675 0.616091965 0.6985505466666667
0 0.7360372141666667 0.7550268016666667 0.7755213816666667 0.7540564333333333 0.7957451258333333 0.7358119641666667 0.7764847025 0.7185378608333334 0.7239788033333334 0.6234137383333334 0.6784022341666667 0.6773773633333333 0.6948761941666667 0.7156579475 0.7159926016666667 0.701280025 0.7360372141666667 0.7550268016666667
13 0.4302707708333333 0.7007243966666666 0.3940119366666667 0.6032068891666666 0.35203388583333334 0.5735294774999999 0.25645027416666666 0.61595987 0.3242777325 0.7509881749999999 0.39570371083333333 0.802375445 0.4178919125 0.7198728216666667 0.4302707708333333 0.7007243966666666
5 0.58375 0.8533333333333334 0.07583333333333334 0.04833333333333333
5 0.5233333333333333 0.875 0.07416666666666667 0.050833333333333335
0 0.44583333333333336 0.8870833333333333 0.0775 0.06166666666666667
10 0.37416666666666665 0.8908333333333334 0.08416666666666667 0.0625
10 0.3120833333333333 0.8945833333333333 0.0875 0.07583333333333334
10 0.2525 0.8891666666666667 0.08666666666666667 0.06416666666666666
2 0.14541666666666667 0.9008333333333334 0.14166666666666666 0.125