13 0.7157738091666667 0.20899470916666668 0.6755952383333333 0.1970899475 0.6651785716666667 0.2671957675 0.6502976191666666 0.3412698416666667 0.7098214283333333 0.4034391533333333 0.7857142858333332 0.39021163999999997 0.748511905 0.32936508 0.720238095 0.2698412691666667 0.7157738091666667 0.20899470916666668
0 0.25446428583333336 0.31084656083333334 0.18154761916666667 0.40476190500000003 0.17857142833333334 0.26851851833333334 0.10119047583333333 0.27116402166666664 0.04613095166666667 0.31878306833333336 0.066964285 0.5674603174999999 0.13244047583333335 0.5634920641666666 0.3020833333333333 0.3571428575 0.3020833333333333 0.32010582 0.25446428583333336 0.31084656083333334
10 0.2604166666666667 0.3174603175 0.3229166666666667 0.33068783083333336 0.37351190500000003 0.24867724916666664 0.32440476166666665 0.23941799 0.2604166666666667 0.3174603175
8 0.3377976191666667 0.19444444416666667 0.37797619083333334 0.2552910058333333 0.40922619083333334 0.23148148166666668 0.3988095241666667 0.17592592583333333 0.375 0.17592592583333333 0.3377976191666667 0.19444444416666667
8 0.41071428583333336 0.23280423249999999 0.43005952416666665 0.20105820083333334 0.4226190475 0.16666666666666666 0.3898809525 0.16666666666666666 0.41071428583333336 0.23280423249999999
5 0.4122023808333333 0.15608465666666668 0.4345238091666667 0.195767195 0.44494047583333335 0.1679894175 0.43898809499999997 0.14153439166666668 0.42857142833333334 0.13888888916666667 0.4122023808333333 0.15608465666666668
5 0.48660714250000003 0.14814814833333334 0.5208333333333334 0.14550264499999999 0.5252976191666666 0.12037037 0.48660714250000003 0.12169312166666667 0.48660714250000003 0.14814814833333334
5 0.7619047616666667 0.16666666666666666 0.8511904758333334 0.18915343916666666 0.8645833333333334 0.14417989416666666 0.7619047616666667 0.13227513249999998 0.7619047616666667 0.16666666666666666
10 0.8586309525 0.19047619083333334 0.9345238091666666 0.2076719575 0.9360119049999999 0.18386243416666667 0.8705357141666668 0.1679894175 0.8586309525 0.19047619083333334
2 1 0.17195767250000002 0.9196428575000001 0.14550264499999999 0.8943452383333332 0.16269841333333335 0.9434523808333334 0.17592592583333333 0.9345238091666666 0.21296296333333334 0.9285714283333334 0.21296296333333334 0.9985119049999999 0.24206349166666666 1 0.22089947166666665 0.9732142858333332 0.21031746 0.96875 0.18783068833333333 1 0.19179894166666667 1 0.17195767250000002
10 0.686011905 0.15873015833333334 0.7529761908333333 0.1679894175 0.7589285716666667 0.1428571425 0.6979166666666666 0.13624338583333334 0.686011905 0.15873015833333334
10 0.626488095 0.14814814833333334 0.6815476191666666 0.15343915333333333 0.6979166666666666 0.12301587333333333 0.6279761908333333 0.12301587333333333 0.626488095 0.14814814833333334