13 0.20899470916666668 0.28422619083333334 0.1970899475 0.32440476166666665 0.2671957675 0.33482142833333334 0.3412698416666667 0.3497023808333333 0.4034391533333333 0.29017857166666666 0.39021163999999997 0.21428571416666667 0.32936508 0.25148809499999997 0.2698412691666667 0.27976190500000003 0.20899470916666668 0.28422619083333334
0 0.32010582 0.6979166666666666 0.31084656083333334 0.7455357141666668 0.40476190500000003 0.8184523808333334 0.26851851833333334 0.8214285716666667 0.27116402166666664 0.8988095241666667 0.31878306833333336 0.9538690483333333 0.5674603174999999 0.9330357149999999 0.5634920641666666 0.8675595241666667 0.3571428575 0.6979166666666666 0.32010582 0.6979166666666666
10 0.3174603175 0.7395833333333334 0.33068783083333336 0.6770833333333334 0.24867724916666664 0.626488095 0.23941799 0.6755952383333333 0.3174603175 0.7395833333333334
8 0.17592592583333333 0.6011904758333334 0.17592592583333333 0.625 0.19444444416666667 0.6622023808333334 0.2552910058333333 0.6220238091666667 0.23148148166666668 0.5907738091666667 0.17592592583333333 0.6011904758333334
8 0.23280423249999999 0.5892857141666668 0.20105820083333334 0.5699404758333334 0.16666666666666666 0.5773809525 0.16666666666666666 0.6101190475 0.23280423249999999 0.5892857141666668
5 0.14153439166666668 0.561011905 0.13888888916666667 0.5714285716666667 0.15608465666666668 0.5877976191666666 0.195767195 0.5654761908333333 0.1679894175 0.5550595241666666 0.14153439166666668 0.561011905
5 0.14814814833333334 0.5133928575 0.14550264499999999 0.4791666666666667 0.12037037 0.4747023808333334 0.12169312166666667 0.5133928575 0.14814814833333334 0.5133928575
5 0.16666666666666666 0.23809523833333335 0.18915343916666666 0.14880952416666665 0.14417989416666666 0.13541666666666666 0.13227513249999998 0.23809523833333335 0.16666666666666666 0.23809523833333335
10 0.19047619083333334 0.14136904749999998 0.2076719575 0.06547619083333332 0.18386243416666667 0.063988095 0.1679894175 0.12946428583333333 0.19047619083333334 0.14136904749999998
2 0.17195767250000002 0 0.14550264499999999 0.0803571425 0.16269841333333335 0.10565476166666667 0.17592592583333333 0.05654761916666666 0.21296296333333334 0.06547619083333332 0.21296296333333334 0.07142857166666666 0.24206349166666666 0.001488095 0.22089947166666665 0 0.21031746 0.026785714166666665 0.18783068833333333 0.03125 0.19179894166666667 0 0.17195767250000002 0
10 0.15873015833333334 0.31398809499999997 0.1679894175 0.24702380916666664 0.1428571425 0.2410714283333333 0.13624338583333334 0.3020833333333333 0.15873015833333334 0.31398809499999997
10 0.14814814833333334 0.37351190500000003 0.15343915333333333 0.3184523808333333 0.12301587333333333 0.3020833333333333 0.12301587333333333 0.37202380916666666 0.14814814833333334 0.37351190500000003