13 0.27011398833333333 0.33078359166666665 0.34391707250000003 0.34695504833333335 0.40711574916666665 0.28852530916666663 0.39521476333333333 0.21241315916666667 0.3337281991666667 0.248547955 0.2737200083333333 0.275778625 0.2128048025 0.2791803116666667 0.20020064166666665 0.3191449966666667 0.27011398833333333 0.33078359166666665
0 0.39921865 0.816741745 0.26294407166666667 0.8173397075 0.26423868833333336 0.894755045 0.31088956166666665 0.95063725 0.5598925275 0.9341471066666666 0.5570675958333333 0.8686116325000001 0.3537104933333333 0.6953933225 0.3166790966666667 0.6947469366666666 0.30659018083333334 0.7421971350000001 0.39921865 0.816741745
10 0.24650800499999997 0.6220826433333334 0.23639311833333332 0.6710207108333334 0.3133068133333334 0.7363610866666667 0.32762308749999997 0.6741014575 0.24650800499999997 0.6220826433333334
8 0.19166016 0.6568449966666666 0.2531986675 0.6177344633333333 0.22993815666666667 0.5860736891666666 0.17420926666666667 0.5955191916666667 0.17379373333333334 0.6193250891666667 0.19166016 0.6568449966666666
8 0.16536695083333333 0.5715516983333333 0.16479559249999998 0.6042848066666666 0.2312866775 0.5846089066666668 0.19988310166666667 0.56471257 0.16536695083333333 0.5715516983333333
5 0.15460475666666668 0.5817820966666667 0.19467081416666665 0.5601566241666667 0.16707906333333333 0.549256755 0.14052418333333333 0.554746525 0.13769728750000002 0.5651154349999999 0.15460475666666668 0.5817820966666667
5 0.12086969416666667 0.46808078333333336 0.12151700166666667 0.5067884525 0.14796799916666667 0.5072501558333333 0.14592022833333335 0.4729830075 0.12086969416666667 0.46808078333333336
5 0.15059694416666666 0.1292622775 0.1369020075 0.23171744416666665 0.17128830333333334 0.23231765916666666 0.19532990166666667 0.14343799166666665 0.15059694416666666 0.1292622775
10 0.19152004083333332 0.058537140833333334 0.17450672416666668 0.12372633666666667 0.19678230583333334 0.13602173333333334 0.21529996666666668 0.060440543333333326 0.19152004083333332 0.058537140833333334
2 0.17876417083333335 0 0.15288041416666667 0.07423422416666667 0.16963205916666665 0.09982809833333334 0.183714595 0.050959286666666666 0.22059016666666664 0.06053288416666666 0.22048628333333337 0.06648435833333333 0.24952015583333334 0 0.2276765033333333 0 0.21862030833333335 0.021802129166666667 0.19605904833333335 0.025873287499999998 0.19980446666666665 0 0.17876417083333335 0
10 0.14743046416666666 0.23487786249999998 0.13975291 0.29576504833333334 0.16202849083333334 0.3080604458333333 0.1724550275 0.241267955 0.14743046416666666 0.23487786249999998
10 0.12652741166666667 0.29553419666666664 0.12530678250000002 0.36546402 0.15040925833333332 0.3673905083333333 0.15666037916666667 0.3124317108333333 0.12652741166666667 0.29553419666666664