0 0.17708333333333334 0.34791666666666665 0.25333333333333335 0.35
10 0.35791666666666666 0.24791666666666667 0.12 0.10916666666666666
8 0.43291666666666667 0.19333333333333333 0.11916666666666667 0.11333333333333333
8 0.6254166666666666 0.17458333333333334 0.13083333333333333 0.08166666666666667
13 0.6683333333333333 0.3416666666666667 0.2275 0.30583333333333335
7 0.7066666666666667 0.21875 0.075 0.075
2 0.9579166666666666 0.2704166666666667 0.08416666666666667 0.12916666666666668
10 0.8879166666666667 0.23708333333333334 0.09166666666666666 0.0675
10 0.8241666666666667 0.20916666666666667 0.060833333333333336 0.04583333333333333
10 0.7716666666666666 0.18541666666666667 0.09583333333333334 0.06
0 0.6979166666666666 0.16291666666666665 0.06333333333333334 0.045
5 0.5570833333333334 0.14208333333333334 0.0675 0.0325