12 0.7232142858333332 0.13756613833333334 0.6488095241666666 0.13227513249999998 0.6383928575 0.18386243416666667 0.7425595241666666 0.20634920666666667 0.7232142858333332 0.13756613833333334
3 0.40922619083333334 0.20634920666666667 0.37797619083333334 0.1970899475 0.3377976191666667 0.22089947166666665 0.34821428583333336 0.32407407416666667 0.31398809499999997 0.3862433858333333 0.2976190475 0.25396825333333334 0.23511904749999998 0.2962962966666667 0.2559523808333333 0.45238095249999993 0.23958333333333334 0.5026455025000001 0.34523809499999997 0.5 0.4211309525 0.32142857166666666 0.40922619083333334 0.20634920666666667
3 0.4166666666666667 0.294973545 0.44494047583333335 0.24735449750000002 0.45386904750000007 0.174603175 0.42857142833333334 0.15079365083333335 0.3958333333333333 0.17063492 0.40178571416666664 0.26851851833333334 0.36607142833333334 0.2936507933333333 0.4166666666666667 0.294973545
3 0.2886904758333333 0.2235449733333333 0.26190476166666665 0.21296296333333334 0.23214285750000002 0.22883597833333336 0.22619047583333332 0.34523809499999997 0.19047619083333334 0.39814814833333334 0.13244047583333335 0.43650793583333336 0.1071428575 0.3161375658333333 0.098214285 0.4775132275 0.16369047583333335 0.5224867725 0.24404761916666667 0.40476190500000003 0.2946428575 0.3425925925 0.2886904758333333 0.2235449733333333
10 0.8377976191666666 0.3055555558333333 0.9880952383333332 0.39814814833333334 1 0.3677248675 0.9791666666666666 0.33994709 0.8601190475 0.26851851833333334 0.8407738091666667 0.2724867725 0.8377976191666666 0.3055555558333333
13 0.9047619049999999 0.2235449733333333 0.8675595241666667 0.2447089941666667 0.8690476191666666 0.28042328083333334 0.9732142858333332 0.3320105825 0.9970238091666666 0.28968254000000004 0.9627976191666666 0.27116402166666664 0.9583333333333334 0.19973544999999998 0.9285714283333334 0.195767195 0.9047619049999999 0.2235449733333333
5 0.6383333333333333 0.13708333333333333 0.05333333333333334 0.028333333333333332
4 0.7127976191666666 0.11640211666666665 0.6770833333333334 0.11507936499999999 0.6755952383333333 0.134920635 0.7083333333333334 0.1428571425 0.7127976191666666 0.11640211666666665
4 0.7395833333333334 0.11772486750000001 0.7053571425 0.11507936499999999 0.7053571425 0.13888888916666667 0.7336309525 0.1428571425 0.7395833333333334 0.11772486750000001
4 0.7648809525 0.10978836000000002 0.7395833333333334 0.10582010583333333 0.7291666666666666 0.14021164 0.7663690475 0.14550264499999999 0.7648809525 0.10978836000000002
4 0.8005952383333333 0.12037037 0.7663690475 0.12169312166666667 0.7633928575 0.14682539749999998 0.7976190475 0.14947089916666667 0.8005952383333333 0.12037037
4 0.8363095241666666 0.12962963 0.8005952383333333 0.12169312166666667 0.7976190475 0.15343915333333333 0.8348214283333333 0.1574074075 0.8363095241666666 0.12962963
4 0.8779761908333334 0.12962963 0.8377976191666666 0.12433862416666666 0.8348214283333333 0.15873015833333334 0.8720238091666666 0.16534391583333333 0.8779761908333334 0.12962963
2 1 0.17195767250000002 0.90625 0.14417989416666666 0.8779761908333334 0.15873015833333334 0.9434523808333334 0.17195767250000002 0.9419642858333332 0.19312169333333334 0.9642857141666668 0.20634920666666667 0.9642857141666668 0.1825396825 1 0.18783068833333333 1 0.17195767250000002
4 0.875 0.13227513249999998 0.8735119049999999 0.16534391583333333 0.9211309525 0.174603175 0.9211309525 0.17724867666666666 0.9270833333333334 0.13888888916666667 0.875 0.13227513249999998
5 0.5283333333333333 0.13875 0.07166666666666667 0.04