0 0.6163014425 0.1875186808333333 0.7504492708333333 0.202242655 0.7699815558333333 0.13075631166666668 0.7211222091666666 0.051792696666666665 0.47552866000000005 0.05121895916666666 0.46891416166666666 0.12682302083333333 0.6913180275 0.31657170333333334 0.7007391716666667 0.26959500166666667 0.6163014425 0.1875186808333333
10 0.7071980641666668 0.2716538608333333 0.69082 0.337441045 0.7602232916666667 0.4092393441666667 0.7756934841666666 0.35382918916666667 0.7071980641666668 0.2716538608333333
8 0.8291544658333333 0.4257264975 0.8363707775 0.40395115 0.820646345 0.37120607083333335 0.7729491091666667 0.3700206625 0.7649753791666667 0.4156302158333333 0.8291544658333333 0.4257264975
8 0.7742201616666667 0.431376825 0.7930988141666666 0.458422745 0.7954748575 0.4616181816666667 0.8378804641666666 0.4474028366666667 0.8510368850000001 0.4336160783333333 0.8337560991666667 0.41866019083333333 0.7742201616666667 0.431376825
6 0.7969222725 0.46025103333333334 0.8197333208333333 0.4727031983333333 0.8619002925000001 0.47639233 0.8671504058333332 0.46191386083333336 0.8420930091666666 0.4447838275 0.7969222725 0.46025103333333334
2 0.7914789841666666 1 0.8185402983333334 0.9416455916666666 0.8029663191666666 0.9223576916666667 0.7873456725 0.9643106674999999 0.7731101675000001 0.9600776633333333 0.7933116908333333 0.8961187691666667 0.7698521608333333 0.8910787666666666 0.7303556608333334 1 0.751953475 1 0.7587864825 0.9872063141666666 0.7773642283333334 0.9873378774999999 0.7717598758333334 1 0.7914789841666666 1
5 0.8040972191666667 0.788016475 0.7761606016666667 0.8796804475000001 0.825066615 0.8974031858333332 0.8458751025 0.7961529049999999 0.8040972191666667 0.788016475
10 0.8261144866666666 0.7033035241666667 0.8021102641666666 0.7803737416666666 0.8351829066666666 0.7817734433333334 0.8470890341666667 0.721570135 0.8261144866666666 0.7033035241666667
10 0.8401372658333334 0.6492605166666666 0.8287499225 0.703534095 0.8582792575 0.7150802541666667 0.8669014683333334 0.6620585375 0.8401372658333334 0.6492605166666666
5 0.8548136758333333 0.496685245 0.852868235 0.5189217341666666 0.8726340033333334 0.520651015 0.8758971616666665 0.4985298108333333 0.8548136758333333 0.496685245
5 0.852868235 0.5189217341666666 0.8488269008333333 0.5499375333333333 0.8737338433333334 0.5536103874999999 0.8713162858333334 0.52053573 0.852868235 0.5189217341666666