14 0.5783837333333334 0.6827647608333334 0.44023522166666673 0.6719380016666666 0.4280327433333333 0.7225889916666667 0.5709068258333334 0.7362225533333334 0.58004656 0.681669725 0.5783837333333334 0.6827647608333334
14 0.4600388316666667 0.25050105666666667 0.47451532500000004 0.22202764083333335 0.39517694833333333 0.1961472175 0.38556669833333335 0.2166810025 0.4600388316666667 0.25050105666666667
14 0.46518642 0.22106855749999998 0.46970438583333335 0.18376440416666665 0.39878394749999996 0.17246427666666667 0.39696201333333336 0.19970670333333332 0.46518642 0.22106855749999998
14 0.36577188083333334 0.20367404916666668 0.3952991858333333 0.20080174 0.40069124916666665 0.180678285 0.37603018833333335 0.17561096333333334 0.36577188083333334 0.20367404916666668
0 0.2616530416666667 0.6995759391666667 0.32339687666666667 0.7962308066666667 0.20609482166666665 0.7740433525 0.1795933925 0.8116194133333333 0.21308760166666665 0.9114889433333334 0.45318757583333336 0.9557958725 0.4743522466666667 0.8921404 0.29660928 0.6457782624999999 0.2616530416666667 0.6995759391666667
10 0.20694566250000002 0.5971035366666666 0.25974574 0.6913619308333333 0.2954722716666667 0.6346894758333333 0.22756608 0.5610328425 0.20694566250000002 0.5971035366666666
5 0.16005666333333332 0.5829990766666666 0.19749452083333333 0.5914899308333333 0.21671502083333333 0.5504223616666667 0.19364985333333334 0.49340261416666664 0.16247815666666668 0.4819690033333333 0.14710913 0.5086626766666666 0.16005666333333332 0.5829990766666666
2 0.3175646833333334 0 0.28735127833333335 0.051711199166666666 0.3007576966666667 0.06300638666666666 0.35270616083333334 0 0.3175646833333334 0
10 0.20791666666666667 0.20291666666666666 0.0725 0.0975
10 0.2604166666666667 0.11625 0.08166666666666667 0.1225
5 0.14958333333333335 0.41125 0.03833333333333333 0.08
5 0.16083333333333333 0.34208333333333335 0.04 0.065