13 0.6766666666666666 0.6529166666666667 0.2758333333333333 0.17333333333333334
0 0.6319426450000001 0.18701286083333335 0.7437173341666666 0.18140334833333335 0.7496482016666667 0.15347522333333333 0.7081657991666667 0.06405420833333333 0.44285065833333337 0.10367899833333334 0.6555146108333333 0.3050160375 0.6932619358333333 0.31511423166666663 0.6971026941666667 0.26018883 0.6319426450000001 0.18701286083333335
10 0.7354166666666667 0.3408333333333333 0.08 0.125
8 0.7875 0.3883333333333333 0.06583333333333333 0.0775
8 0.8075 0.43125 0.06333333333333334 0.05333333333333334
5 0.835 0.45416666666666666 0.06583333333333333 0.04083333333333333
5 0.8608333333333333 0.5404166666666667 0.035833333333333335 0.04083333333333333
5 0.8654166666666666 0.5866666666666667 0.0375 0.03833333333333333
0 0.8558333333333333 0.6608333333333334 0.04416666666666667 0.0675
10 0.8391666666666666 0.7370833333333333 0.03916666666666667 0.0825
10 0.8195833333333333 0.7891666666666667 0.0425 0.065
10 0.8079166666666666 0.8445833333333334 0.05333333333333334 0.0825
2 0.78 0.945 0.09833333333333333 0.11