5 0.915 0.7466666666666667 0.05333333333333334 0.08666666666666667
5 0.91 0.66625 0.050833333333333335 0.07416666666666667
5 0.9229166666666667 0.8383333333333334 0.065 0.09333333333333334
12 0.8533333333333334 0.5170833333333333 0.07833333333333334 0.0725
10 0.8370833333333333 0.56875 0.04666666666666667 0.041666666666666664
5 0.8879166666666667 0.56625 0.051666666666666666 0.0675
5 0.9108333333333334 0.6208333333333333 0.034166666666666665 0.0675
5 0.8616666666666667 0.47208333333333335 0.045 0.059166666666666666
10 0.8329166666666666 0.63875 0.07416666666666667 0.09833333333333333
3 0.5770833333333333 0.17833333333333334 0.3258333333333333 0.24166666666666667
3 0.70375 0.28583333333333333 0.195 0.145