8 0.5633333333333334 0.16 0.049166666666666664 0.0425
8 0.5929166666666666 0.15666666666666668 0.03125 0.05416666666666667
8 0.6345833333333334 0.17208333333333334 0.04625 0.05541666666666667
8 0.6979166666666666 0.17583333333333334 0.05375 0.08208333333333333
12 0.7225 0.13208333333333333 0.049166666666666664 0.034583333333333334
8 0.8525 0.2125 0.10125 0.10458333333333333
12 0.8333333333333334 0.14875 0.06541666666666666 0.030416666666666668
8 0.7604166666666666 0.18833333333333332 0.06833333333333333 0.07541666666666667
12 0.7691666666666667 0.14166666666666666 0.06833333333333333 0.037083333333333336
2 0.9358333333333333 0.16416666666666666 0.12791666666666668 0.0475
3 0.3175 0.35 0.20083333333333334 0.31333333333333335
3 0.215 0.34041666666666665 0.2425 0.30041666666666667
3 0.39208333333333334 0.25333333333333335 0.09666666666666666 0.17083333333333334
8 0.9566666666666667 0.2375 0.08625 0.1125
8 0.49541666666666667 0.15083333333333335 0.08625 0.034583333333333334