3 0.2175 0.3375 0.27 0.3491666666666667
10 0.36 0.36791666666666667 0.20416666666666666 0.23
12 0.615 0.165 0.07583333333333334 0.07416666666666667
10 0.9408333333333333 0.29041666666666666 0.11833333333333333 0.0825
10 0.8316666666666667 0.24083333333333334 0.13083333333333333 0.0875
10 0.7083333333333334 0.20375 0.1225 0.07833333333333334
2 0.9516666666666667 0.21833333333333332 0.09666666666666666 0.075
4 0.7441666666666666 0.14375 0.13416666666666666 0.034166666666666665
4 0.85125 0.17208333333333334 0.13083333333333333 0.0475
5 0.55625 0.13958333333333334 0.08166666666666667 0.04666666666666667
12 0.41458333333333336 0.19416666666666665 0.17166666666666666 0.14416666666666667