14 0.1625559441666667 0.43278556916666666 0.1601964375 0.48416693499999996 0.31844029583333333 0.5161186933333334 0.32538599333333335 0.45663270333333333 0.1625559441666667 0.43278556916666666
14 0.1991302525 0.5389726616666667 0.19032649833333332 0.5888662558333333 0.34952445833333334 0.6225655241666667 0.3663459125 0.5791046775 0.1991302525 0.5389726616666667
14 0.24412342083333333 0.6028134916666666 0.24124485083333336 0.63880264 0.39376410666666667 0.6602693408333333 0.37864893083333334 0.6140170558333333 0.24412342083333333 0.6028134916666666
14 0.31233348666666666 0.7483762791666666 0.30644218 0.7974150258333332 0.43566185749999997 0.8257205008333334 0.44480036083333335 0.7743769516666666 0.31233348666666666 0.7483762791666666
13 0.2853191408333333 0.8536279175 0.14527095083333333 0.9251474475 0.37497072833333334 0.9827595341666667 0.3926459925 0.9532409483333333 0.3415772041666667 0.9215966925 0.33200231916666667 0.8689872933333334 0.2853191408333333 0.8536279175
13 0.6000477491666666 0.7781466316666666 0.6437005783333334 0.7301896274999999 0.7125787983333334 0.7552548475 0.7288811891666667 0.6964017825 0.6673511716666667 0.68066922 0.6328029658333333 0.6421483733333333 0.4979765858333334 0.6675290658333334 0.5019447683333333 0.7738246325 0.5029490141666667 0.7694747666666667 0.6000477491666666 0.7781466316666666
5 0.8541150741666667 0.5420457125 0.8471354975 0.5663973999999999 0.8680416908333333 0.5758056899999999 0.8773143608333334 0.5474016899999999 0.8541150741666667 0.5420457125
5 0.8442230516666667 0.5672522474999999 0.8352349841666666 0.6003036683333334 0.8612464283333332 0.6169995508333334 0.8635557899999999 0.5717155616666667 0.8442230516666667 0.5672522474999999
5 0.8389009516666667 0.6255858358333333 0.8282892866666667 0.6597896583333333 0.8528275691666667 0.6593458141666666 0.8591877925 0.63179666 0.8389009516666667 0.6255858358333333
10 0.8008561691666667 0.7374543275000001 0.7682175091666666 0.8200261558333334 0.8001039933333333 0.8289149699999999 0.8258633683333333 0.7585000766666667 0.8008561691666667 0.7374543275000001
10 0.7724689508333333 0.8133714875 0.7488183583333333 0.862891895 0.7765035441666667 0.8723380008333333 0.7917014 0.8300295541666667 0.7724689508333333 0.8133714875
10 0.7209163233333333 0.9190669716666667 0.7388599233333333 0.9354274841666668 0.7712478583333333 0.8833425358333333 0.751730805 0.8620370483333333 0.7209163233333333 0.9190669716666667
10 0.6842268025 0.9839039650000001 0.7025051508333333 0.9988145216666667 0.7372363258333333 0.9365798850000001 0.71828848 0.9245692391666668 0.6842268025 0.9839039650000001
0 0.8051550675 0.48950697083333333 0.8179256591666667 0.42831128749999997 0.7376822541666667 0.4113128758333333 0.607490865 0.30489391250000003 0.5811121375 0.37211134 0.6643018675 0.42338920583333334 0.7325444683333333 0.48648863750000004 0.8051550675 0.48950697083333333
0 0.5591990116666666 0.13185760500000002 0.7004221816666667 0.3492573716666667 0.8130372541666667 0.3554025116666667 0.8182590641666667 0.3092636766666667 0.726516305 0.2773925241666667 0.58877479 0.06843275083333333 0.5591990116666666 0.13185760500000002
0 0.8302774791666667 0.339528635 0.7193700275 0.36126801833333333 0.7550566483333334 0.41837854750000003 0.7889516225 0.41856762750000004 0.7727319108333333 0.3888599616666667 0.8379441633333333 0.3886430141666667 0.8302774791666667 0.339528635