0 0.8734420741666665 0.5112031125 0.6738206733333333 0.6839300591666667 0.6729016758333334 0.7890993316666667 0.6886912791666666 0.8070302708333333 0.7267447791666667 0.8023738591666666 0.7467036166666667 0.7008750691666666 0.9388049766666667 0.5405516266666667 0.8734420741666665 0.5112031125
0 0.5901068266666667 0.8162485816666667 0.599909885 0.7974619716666667 0.6090984466666667 0.7226271424999999 0.7126843241666666 0.5994120241666667 0.6378145916666667 0.5742269566666667 0.5493211516666666 0.6966298241666666 0.5411824766666667 0.7262822741666667 0.5497441316666667 0.8152907208333334 0.5901068266666667 0.8162485816666667
0 0.6972570708333333 0.8227415533333333 0.6850662841666666 0.7999217525 0.6682612441666667 0.6925762416666666 0.6069766316666666 0.7276973566666666 0.6093643599999999 0.7693037658333334 0.6341248308333334 0.7630151741666666 0.634578125 0.8203762858333333 0.6720129916666666 0.8329688183333334 0.6972570708333333 0.8227415533333333
13 0.33580877166666667 0.5184877158333333 0.23147750833333333 0.5256677216666668 0.2490320708333333 0.6757511808333334 0.2985750533333333 0.7484685425 0.34764270166666666 0.6785302483333333 0.36582417083333335 0.6647704333333333 0.3651049633333333 0.5607326991666667 0.33580877166666667 0.5184877158333333
5 0.4579166666666667 0.8604166666666667 0.07333333333333333 0.041666666666666664
5 0.39375 0.86 0.07166666666666667 0.045
0 0.31666666666666665 0.8454166666666667 0.07333333333333333 0.05583333333333333
10 0.24833333333333332 0.8241666666666667 0.08083333333333333 0.05583333333333333
10 0.18875 0.80625 0.0825 0.06916666666666667
10 0.13416666666666666 0.7808333333333334 0.0825 0.0575
2 0.04833333333333333 0.7554166666666666 0.09666666666666666 0.11416666666666667