2 0.205 0.05125 0.10333333333333333 0.1025
10 0.1675 0.21916666666666668 0.06166666666666667 0.04666666666666667
10 0.18291666666666667 0.1575 0.05416666666666667 0.0775
10 0.15166666666666667 0.27875 0.05583333333333333 0.0775
0 0.14 0.36541666666666667 0.050833333333333335 0.08166666666666667
5 0.13791666666666666 0.48583333333333334 0.034166666666666665 0.07833333333333334
5 0.13166666666666665 0.42916666666666664 0.03333333333333333 0.0425
13 0.3154166666666667 0.3595833333333333 0.26166666666666666 0.16416666666666666
0 0.40958333333333335 0.85125 0.3441666666666667 0.25333333333333335
10 0.27666666666666667 0.6695833333333333 0.11 0.11333333333333333
8 0.20541666666666666 0.6079166666666667 0.09166666666666666 0.11833333333333333