8 0.38416666666666666 0.8258333333333333 0.055 0.05
8 0.3545833333333333 0.8245833333333333 0.04 0.058333333333333334
8 0.31583333333333335 0.8029166666666666 0.055 0.06166666666666667
8 0.25375 0.7891666666666667 0.06583333333333333 0.08916666666666667
12 0.2225 0.82875 0.05416666666666667 0.0425
8 0.10666666666666667 0.72875 0.11666666666666667 0.12
12 0.11583333333333333 0.7945833333333333 0.06916666666666667 0.04
8 0.19416666666666665 0.7670833333333333 0.07916666666666666 0.085
12 0.17791666666666667 0.8116666666666666 0.07333333333333333 0.04666666666666667
2 0.042083333333333334 0.7633333333333333 0.08416666666666667 0.06666666666666667
3 0.6566666666666666 0.6766666666666666 0.2475 0.3408333333333333
3 0.7566666666666667 0.7020833333333333 0.2866666666666667 0.335
3 0.5679166666666666 0.7604166666666666 0.1225 0.18416666666666667
8 0.029583333333333333 0.6875 0.059166666666666666 0.125
8 0.45 0.8454166666666667 0.09083333333333334 0.04833333333333333