13 0.43330486999999995 0.3295690841666667 0.4029922075 0.2411005483333333 0.22015624250000002 0.30639134583333333 0.22545302250000002 0.38211069416666665 0.29358526333333335 0.3716685566666667 0.31976841 0.39775963833333333 0.43330486999999995 0.3295690841666667
13 0.61552872 0.13586679999999998 0.6626033833333334 0.20344971833333333 0.809715665 0.24584890333333334 0.9161447524999999 0.172305045 0.8543780724999999 0.0582065675 0.6792720508333333 0.06008234416666667 0.6540434441666666 0.1056091675 0.61552872 0.13586679999999998
14 0.8815104550000001 0.44421546750000007 0.8864545108333334 0.39448819416666664 0.7288679091666667 0.3993125591666667 0.7281364 0.4516588408333333 0.8815104550000001 0.44421546750000007
14 0.95179571 0.30661370666666665 0.9674112041666666 0.2574465825 0.8544973141666666 0.25686881166666664 0.8242313183333333 0.22964115333333335 0.8061308416666666 0.2655816683333333 0.8621908958333334 0.31445311249999996 0.95179571 0.30661370666666665
14 0.7920717 0.3325379833333333 0.6068337816666667 0.32484372833333336 0.6088674033333333 0.3784418725 0.7868682525 0.37930039083333333 0.7922013966666667 0.334020415 0.7920717 0.3325379833333333
14 0.7585010316666666 0.31306834333333333 0.7282557925 0.2709010733333333 0.5693514741666666 0.2758407216666667 0.5808685125 0.33159673333333334 0.7585010316666666 0.31306834333333333
0 0.5701449541666667 0.9375156283333332 0.5759294583333333 0.8518641183333333 0.35318332166666666 0.7189863683333333 0.3491471391666667 0.77909067 0.5701449541666667 0.9375156283333332
0 0.3605656941666667 0.6212448258333333 0.27838991750000003 0.5925835666666667 0.28884863083333334 0.6514197283333333 0.4381449875 0.7339598791666666 0.4693811283333333 0.7267457325 0.4540821466666667 0.6429387875 0.4130824391666667 0.6599698125000001 0.35948661083333333 0.6392645875 0.3605656941666667 0.6212448258333333
0 0.25875899750000003 0.68691538 0.2769268975 0.6972761308333333 0.20233576416666668 0.7097771266666667 0.23217115666666668 0.7624367108333333 0.26494289249999997 0.7879513658333334 0.3478294216666667 0.779205955 0.3513468208333333 0.7131719233333332 0.28804969666666663 0.6574647441666667 0.25391872916666663 0.6619445966666667 0.25875899750000003 0.68691538
0 0.2309520741666667 0.59673384 0.20470665500000002 0.6154615908333333 0.21032510083333333 0.64932697 0.286213195 0.6516502991666667 0.2748258525 0.5973767200000001 0.2309520741666667 0.59673384
5 0.14838721 0.5636252825 0.14920690166666667 0.5426406549999999 0.126546305 0.5416356416666667 0.12598600666666668 0.5655851333333334 0.14838721 0.5636252825
5 0.15039492333333332 0.5410429375 0.14754161000000002 0.5084294208333333 0.11909135833333333 0.5019558183333334 0.12417026166666666 0.5448310774999999 0.15039492333333332 0.5410429375
5 0.13624244833333332 0.48551749666666666 0.1336485275 0.45586884499999997 0.11256504166666666 0.4577134108333333 0.11647668083333333 0.4872467775 0.13624244833333332 0.48551749666666666
5 0.1336485275 0.45586884499999997 0.13263171583333333 0.42906977333333335 0.1095820325 0.4236174616666667 0.11124732416666668 0.45782869583333335 0.1336485275 0.45586884499999997
12 0.14055878083333334 0.41343844916666667 0.14129029083333333 0.3610921675 0.10638114583333333 0.356677425 0.10370419583333333 0.3867872183333333 0.11964650583333333 0.3868862258333333 0.12185133833333334 0.41208758 0.14055878083333334 0.41343844916666667
10 0.14038241833333334 0.35071513916666663 0.14759357833333334 0.2813703866666667 0.10715417083333333 0.27445192 0.11126293 0.351768985 0.14038241833333334 0.35071513916666663
10 0.14733418666666667 0.2784055216666667 0.15398504833333335 0.23301026083333332 0.13080566916666667 0.22607551666666667 0.12428450249999999 0.27295321 0.14733418666666667 0.2784055216666667
10 0.16158529666666666 0.16811280666666667 0.13339443750000002 0.16460406916666664 0.12870977416666668 0.2172962075 0.1524079375 0.23016068166666664 0.16158529666666666 0.16811280666666667
2 0.13226353666666665 0.030262853333333332 0.10831113166666666 0.10555361333333334 0.12300314833333334 0.15206917333333334 0.13600396416666666 0.08819300916666667 0.18277256916666665 0.09157018416666667 0.1968317116666667 0.024613869166666667 0.13226353666666665 0.030262853333333332
10 0.1793382 0.09784577083333333 0.15471140666666666 0.08954387916666666 0.13920485 0.1551330466666667 0.16409103583333334 0.16639980333333335 0.1793382 0.09784577083333333