12 0.6758887758333334 0.20308472249999998 0.7765385516666666 0.238098605 0.7657200574999999 0.16747064416666668 0.6925147083333333 0.15315141666666668 0.6758887758333334 0.20308472249999998
3 0.34639166666666665 0.4811392683333333 0.44348121333333335 0.31314789666666665 0.4456898341666667 0.19747549083333332 0.4158011866666667 0.18447683166666667 0.3730204491666667 0.20321234666666665 0.37078565083333337 0.30688737416666667 0.32923804333333334 0.3644221616666667 0.3291112916666667 0.2311381025 0.26191866666666663 0.2655338058333333 0.2635747766666667 0.4229939741666666 0.24120203416666663 0.47088897500000004 0.34639166666666665 0.4811392683333333
3 0.43072828500000004 0.2582746358333333 0.39221735416666664 0.2788671016666667 0.44227426 0.28634600250000003 0.4761406225 0.24252761083333335 0.49386879833333336 0.171406685 0.47166139416666664 0.14469162916666667 0.4367492816666667 0.16039523416666665 0.43072828500000004 0.2582746358333333
3 0.2575620533333333 0.37427904666666667 0.31535669583333337 0.3187391433333333 0.32395693750000004 0.19985347416666668 0.2986605025 0.18608598333333334 0.267186005 0.19821362 0.24709214250000003 0.31302268 0.2051959525 0.36118587333333335 0.142917945 0.39218695833333334 0.13247834916666668 0.26963080666666667 0.10394958333333335 0.4287154791666667 0.16345682749999998 0.48133333833333336 0.2575620533333333 0.37427904666666667
10 1 0.40806655833333333 0.9951005741666668 0.3995358275 0.8856452708333334 0.3141314183333333 0.8659606208333334 0.3157125016666667 0.8589765433333334 0.3481720891666667 0.9968696683333333 0.45839118250000005 1 0.45259465333333326 1 0.40806655833333333
13 1 0.3383468366666667 0.9872360866666666 0.32927057249999997 0.99151003 0.2578303591666667 0.9624535741666667 0.25026461916666665 0.9354362633333333 0.274933695 0.8959319383333334 0.2914061325 0.893056465 0.32703556333333333 0.9901597783333334 0.3909330641666667 1 0.37756548749999996 1 0.3383468366666667
5 0.6816666666666666 0.15666666666666668 0.056666666666666664 0.035
4 0.7187783608333334 0.1590415575 0.7503052141666667 0.17090867750000002 0.7579602799999999 0.14519490333333332 0.7226734058333333 0.13952953499999998 0.7187783608333334 0.1590415575
4 0.7478348158333333 0.16660729666666665 0.7754142683333334 0.17399168166666668 0.784385135 0.1497721516666667 0.7507364666666667 0.142975245 0.7478348158333333 0.16660729666666665
4 0.7713056641666666 0.17082183916666668 0.8075859325 0.18060723583333332 0.8104614066666667 0.14497780583333333 0.78583596 0.13795612666666665 0.7713056641666666 0.17082183916666668
4 0.8044707241666667 0.18155742166666666 0.8381193916666667 0.1883543275 0.8446198608333333 0.15983341583333333 0.8104875841666667 0.15697518500000002 0.8044707241666667 0.18155742166666666
4 0.8376357833333333 0.19229300333333332 0.8740772541666666 0.20076550833333334 0.8789395175 0.17337613583333333 0.8444586574999999 0.16114630833333335 0.8376357833333333 0.19229300333333332
4 0.8739160516666667 0.2020784 0.9100351174999999 0.21317668916666666 0.9202956075 0.17845402500000002 0.8810613325000001 0.16830592083333334 0.8739160516666667 0.2020784
2 1 0.21957169250000003 0.9465854366666667 0.19634154416666666 0.916749145 0.2073376425 0.9801252575000001 0.2284461008333333 0.9760690091666667 0.249271015 0.9966120283333333 0.26512023 0.9995136791666666 0.24148817833333336 1 0.24162238000000003 1 0.21957169250000003
4 0.9573253983333333 0.23097736916666667 0.9679082925 0.19362892166666665 0.917019195 0.18071710166666666 0.9115121208333333 0.2133580425 0.9576478033333332 0.22835158666666666 0.9573253983333333 0.23097736916666667
5 0.5720833333333334 0.145 0.07583333333333334 0.04833333333333333