13 0.4273975458333334 0.3320005325 0.39401584166666664 0.24464378583333332 0.21356987083333331 0.31627569333333333 0.22150599166666665 0.39176406 0.2892323025 0.37895050333333336 0.316310065 0.4041119125 0.4273975458333334 0.3320005325
13 0.6027502775 0.13205672583333333 0.6521548741666667 0.1979555925 0.8006572491666666 0.235194805 0.9044548591666668 0.15798142583333333 0.8387438266666666 0.046108079999999996 0.6638099383333333 0.05409382583333334 0.6401855633333333 0.10047338083333333 0.6027502775 0.13205672583333333
14 0.8793311975 0.43093492749999995 0.8825367841666667 0.38106540083333335 0.7252145483333333 0.39138651999999996 0.7263103433333333 0.44372644333333333 0.8793311975 0.43093492749999995
14 0.9447714033333333 0.29096407 0.9586614775 0.2412819241666667 0.8457962075000001 0.2446451425 0.8145984183333334 0.2184903383333333 0.7977632733333333 0.2550406575 0.8554947658333333 0.30192586250000003 0.9447714033333333 0.29096407
14 0.7860494383333333 0.32244684083333336 0.6006558358333334 0.32122198333333335 0.6045587674999999 0.374716505 0.7824811450000001 0.36936236 0.7862307908333334 0.3239238441666667 0.7860494383333333 0.32244684083333336
14 0.7518197383333333 0.3041606608333333 0.7201213083333333 0.2630746216666667 0.5614861808333333 0.2735569425 0.57494206 0.32887705 0.7518197383333333 0.3041606608333333
0 0.5853712991666666 0.9348010825 0.5881630841666666 0.8489998725 0.3609152725 0.7239767958333333 0.3589791583333333 0.7841853441666667 0.5853712991666666 0.9348010825
0 0.36488201750000004 0.6260371541666667 0.28175603666666665 0.6002612475 0.29426173083333335 0.6586965633333334 0.44634775 0.7359760658333333 0.4773130925 0.7276761883333333 0.45909860999999996 0.6444542225 0.41871825333333335 0.6629057416666667 0.36443247166666665 0.6440835975 0.36488201750000004 0.6260371541666667
0 0.2654292075 0.6952207058333334 0.283947625 0.7049410941666666 0.20983820916666665 0.7200376683333334 0.24149321999999998 0.7716239333333333 0.27513544083333336 0.7959793283333334 0.3576662675 0.7843465475 0.35887696916666667 0.7182299858333333 0.29367425166666666 0.66476578 0.25972042 0.6704340566666667 0.2654292075 0.6952207058333334
0 0.23449193333333332 0.6060645491666666 0.20891609166666666 0.6256968441666667 0.21571299916666664 0.6593455125 0.2916359475 0.6590189691666667 0.2783614208333333 0.6051758658333334 0.23449193333333332 0.6060645491666666
5 0.15082189333333335 0.5758576325 0.15090873333333335 0.5548571825 0.12822686666666666 0.554643625 0.12850273416666666 0.5785980808333333 0.15082189333333335 0.5758576325
5 0.15204027083333335 0.5532189766666666 0.14805050083333335 0.5207249066666666 0.11939165499999999 0.5152481466666666 0.12596378916666665 0.5579200358333334 0.15204027083333335 0.5532189766666666
5 0.1359586075 0.498221275 0.13233154416666668 0.46868121 0.11132527583333332 0.47126045583333337 0.11626523166666668 0.5006393175 0.1359586075 0.498221275
5 0.13233154416666668 0.46868121 0.1303800775 0.44193395 0.10715415249999999 0.4372893825 0.11001238416666666 0.4714216583333334 0.13233154416666668 0.46868121
12 0.1377567875 0.4260354983333333 0.13666099416666666 0.373695575 0.1016190425 0.37050183249999996 0.09999453916666667 0.4006867083333333 0.11593059333333335 0.4002292775 0.1190135975 0.4253383316666667 0.1377567875 0.4260354983333333
10 0.13539152166666668 0.36335655250000004 0.14017819166666667 0.2938023766666667 0.0995219675 0.28829943916666667 0.10632654999999999 0.36542601166666666 0.13539152166666668 0.36335655250000004
10 0.139815485 0.2908483708333333 0.14487802333333333 0.24524865166666668 0.12147074583333332 0.23912708 0.11658955916666666 0.2862038025 0.139815485 0.2908483708333333
10 0.15020875416666668 0.18012548583333335 0.121912615 0.1776027325 0.11906973416666666 0.23042626500000002 0.143202425 0.24245584833333333 0.15020875416666668 0.18012548583333335
2 0.11609396166666668 0.04338282166666667 0.0947837575 0.11946364333333333 0.11109019416666667 0.16543812333333333 0.12185384416666667 0.10114714916666667 0.16871182083333333 0.10289006666666667 0.1804256575 0.0354838825 0.11609396166666668 0.04338282166666667
10 0.16549855833333335 0.1092816875 0.140597035 0.10184431666666666 0.12738895333333333 0.16793469916666667 0.15265318416666665 0.1783260775 0.16549855833333335 0.1092816875