13 0.6433333333333333 0.3154166666666667 0.16 0.2683333333333333
0 0.18053645416666667 0.38461865916666665 0.1690847941666667 0.27329073249999997 0.14088454583333332 0.2688296375 0.053757100833333335 0.314935125 0.1072131075 0.5778128591666667 0.29714425 0.35490318833333334 0.30525306333333335 0.3166790966666667 0.250201925 0.31571817583333334 0.18053645416666667 0.38461865916666665
10 0.32875 0.2733333333333333 0.12083333333333333 0.07416666666666667
8 0.37333333333333335 0.21875 0.07416666666666667 0.0625
8 0.41541666666666666 0.19625 0.05 0.060833333333333336
5 0.43666666666666665 0.16791666666666666 0.0375 0.06416666666666666
5 0.52125 0.1375 0.03916666666666667 0.034166666666666665
5 0.5670833333333334 0.13083333333333333 0.03666666666666667 0.035833333333333335
0 0.6416666666666667 0.13625 0.06583333333333333 0.04083333333333333
10 0.7191666666666666 0.14875 0.08083333333333333 0.035
10 0.7720833333333333 0.16541666666666666 0.06333333333333334 0.03916666666666667
10 0.8279166666666666 0.17458333333333334 0.07916666666666666 0.05
2 0.9383333333333334 0.19625 0.12333333333333334 0.0925