0 0.22470238083333333 0.24735449750000002 0.23511904749999998 0.3320105825 0.066964285 0.4960317466666667 0.06547619083333332 0.5317460316666667 0.14136904749999998 0.5357142858333332 0.3020833333333333 0.3320105825 0.27678571416666664 0.2275132275 0.22470238083333333 0.24735449750000002
0 0.42559523833333335 0.2976190475 0.41815476166666665 0.205026455 0.3690476191666667 0.21164021166666666 0.36309523833333335 0.294973545 0.28571428583333336 0.41269841333333335 0.28571428583333336 0.45767195750000006 0.35267857166666666 0.44179894166666667 0.3511904758333333 0.39814814833333334 0.42559523833333335 0.2976190475
0 0.3020833333333333 0.31878306833333336 0.3616071425 0.26322751333333333 0.32142857166666666 0.195767195 0.2663690475 0.21560846583333335 0.3020833333333333 0.31878306833333336
14 0.5982142858333332 0.6243386241666667 0.59375 0.8029100525 0.65625 0.8108465608333334 0.654761905 0.8095238091666667 0.65625 0.6243386241666667 0.5982142858333332 0.6243386241666667
14 0.6488095241666666 0.7513227508333333 0.7083333333333334 0.7447089941666667 0.6949404758333334 0.5780423275000001 0.6354166666666666 0.5846560841666667 0.6488095241666666 0.7513227508333333
14 0.529761905 0.7208994716666667 0.5178571425 0.8981481483333332 0.5759455091666666 0.8880732008333333 0.5863095241666666 0.7275132275 0.529761905 0.7208994716666667
14 0.6324404758333334 0.9973544975 0.6458333333333334 0.8320105824999999 0.5684523808333334 0.8267195766666666 0.5684523808333334 0.8280423275000001 0.5669642858333332 0.9761904758333333 0.6324404758333334 0.9973544975
13 0.86 0.77125 0.23791666666666667 0.3545833333333333
13 0.6920833333333334 0.3545833333333333 0.1725 0.26458333333333334
2 0.9383333333333334 0.18375 0.11458333333333333 0.11375
10 0.8125 0.1625 0.12791666666666668 0.058333333333333334
10 0.7158333333333333 0.14291666666666666 0.07125 0.06333333333333334
0 0.6420833333333333 0.13541666666666666 0.07291666666666667 0.04875
5 0.5295833333333333 0.13041666666666665 0.14583333333333334 0.059583333333333335