14 0.2663690475 0.48809523833333335 0.29017857166666666 0.62962963 0.34523809499999997 0.6243386241666667 0.34375 0.6230158733333333 0.3184523808333333 0.48677248666666667 0.2663690475 0.48809523833333335
14 0.7306547616666667 0.3968253975 0.7619047616666667 0.4034391533333333 0.7663690475 0.32010582 0.7440476191666666 0.3161375658333333 0.7306547616666667 0.3968253975
14 0.7604166666666666 0.39417989416666666 0.7976190475 0.3888888891666667 0.7901785716666667 0.3174603175 0.7633928575 0.32275132333333334 0.7604166666666666 0.39417989416666666
14 0.751488095 0.2936507933333333 0.7619047616666667 0.32142857166666666 0.782738095 0.32142857166666666 0.78125 0.2962962966666667 0.751488095 0.2936507933333333
0 0.24553571416666667 0.32142857166666666 0.16815476166666668 0.40608465666666665 0.15922619083333334 0.28703703666666663 0.11607142833333334 0.27116402166666664 0.028273809166666664 0.32936508 0.04761904833333333 0.5727513233333333 0.11458333333333333 0.5767195766666666 0.3065476191666667 0.3412698416666667 0.24553571416666667 0.32142857166666666
10 0.3303571425 0.24206349166666666 0.25297619083333334 0.3174603175 0.31696428583333336 0.33730158666666665 0.37053571416666664 0.2526455025 0.3303571425 0.24206349166666666
5 0.43005952416666665 0.16931216916666667 0.4002976191666667 0.16137566083333332 0.33184523833333335 0.19312169333333334 0.3333333333333333 0.23148148166666668 0.37797619083333334 0.23941799 0.4270833333333333 0.20238095250000002 0.43005952416666665 0.16931216916666667
2 0.9583333333333334 0.20370370333333335 0.9627976191666666 0.19047619083333334 0.9940476191666666 0.19312169333333334 1 0.16666666666666666 0.9032738091666666 0.14417989416666666 0.8735119049999999 0.16137566083333332 0.9315476191666666 0.17328042333333335 0.9360119049999999 0.19444444416666667 0.8779761908333334 0.17857142833333334 0.8705357141666668 0.19444444416666667 0.9866071424999999 0.24735449750000002 0.9985119049999999 0.21560846583333335 0.9583333333333334 0.20370370333333335
10 0.71125 0.14083333333333334 0.08625 0.051666666666666666
10 0.80875 0.16916666666666666 0.11166666666666666 0.05541666666666667
5 0.495 0.13875 0.07875 0.018333333333333333
5 0.5645833333333333 0.13166666666666665 0.060833333333333336 0.025