8 0.17208333333333334 0.39 0.049166666666666664 0.055
8 0.17291666666666666 0.36 0.058333333333333334 0.03916666666666667
8 0.19416666666666665 0.32125 0.060833333333333336 0.05416666666666667
8 0.20666666666666667 0.25875 0.08833333333333333 0.06416666666666666
12 0.16666666666666666 0.22833333333333333 0.041666666666666664 0.05333333333333334
8 0.26416666666666666 0.11083333333333334 0.11833333333333333 0.115
12 0.19875 0.12083333333333333 0.03916666666666667 0.06833333333333333
8 0.2275 0.19875 0.08416666666666667 0.07833333333333334
12 0.1825 0.18375 0.04583333333333333 0.0725
2 0.2275 0.04416666666666667 0.065 0.08833333333333333
3 0.32625 0.66 0.3383333333333333 0.2425
3 0.3025 0.76 0.3308333333333333 0.2816666666666667
3 0.24083333333333334 0.5725 0.1825 0.11916666666666667
8 0.30333333333333334 0.030833333333333334 0.12333333333333334 0.06166666666666667
8 0.15375 0.4558333333333333 0.04666666666666667 0.09083333333333334