10 0.26958333333333334 0.10166666666666667 0.11833333333333333 0.17083333333333334
10 0.20583333333333334 0.26875 0.10916666666666666 0.16416666666666666
10 0.16958333333333334 0.43416666666666665 0.04583333333333333 0.16
0 0.14958333333333335 0.5404166666666667 0.04666666666666667 0.051666666666666666
0 0.40166666666666667 0.82375 0.31916666666666665 0.23416666666666666
0 0.26208333333333333 0.6958333333333333 0.13166666666666665 0.14083333333333334
1 0.166142595 0.07389188166666667 0.17835536 0.060496673333333334 0.17487687666666665 0.058696850833333335 0.172232985 0.058789177500000005 0.17237361083333333 0.0574016225 0.17218105166666667 0.05730198916666667 0.1723761675 0.05737639333333333 0.17617048999999999 0.0199376175 0.14941997583333333 0.011937751666666668 0.13470390416666667 0.12114881666666667 0.1549485575 0.13235387583333333 0.166142595 0.07389188166666667
1 0.17436227 0.11976391583333333 0.19307724333333331 0.12506638333333334 0.2157249875 0.015578339166666667 0.19833196083333335 0.010229707499999999 0.18809633166666667 0.0582352175 0.1906882891666667 0.056655702499999995 0.19029957416666665 0.058158278333333334 0.19074022333333335 0.05814289083333333 0.19015822333333332 0.05870467 0.188356 0.06567116166666667 0.17436227 0.11976391583333333
10 0.14244203666666666 0.34273993666666663 0.1503689775 0.266524005 0.12092264 0.2571292783333333 0.11584732416666665 0.33920163833333333 0.14244203666666666 0.34273993666666663
10 0.1528570675 0.26197011249999996 0.17830450583333332 0.15685130749999998 0.14738042 0.1430411766666667 0.12880238000000002 0.25536510916666666 0.1528570675 0.26197011249999996
5 0.14750794583333332 0.525710315 0.14701220916666666 0.47361254583333334 0.12352879166666668 0.48336661833333333 0.12360905833333334 0.5235668775 0.14750794583333332 0.525710315
13 0.27166666666666667 0.3754166666666667 0.21083333333333334 0.1325