3 0.35791666666666666 0.7929166666666667 0.3333333333333333 0.24833333333333332
10 0.3779166666666667 0.64875 0.21833333333333332 0.18916666666666668
12 0.15791666666666668 0.40875 0.06916666666666667 0.07083333333333333
10 0.26 0.06875 0.07416666666666667 0.12583333333333332
10 0.21833333333333332 0.18708333333333332 0.07916666666666666 0.12666666666666668
10 0.19 0.3129166666666667 0.07 0.1175
2 0.18666666666666668 0.0575 0.06666666666666667 0.115
4 0.1275 0.28125 0.025 0.1325
4 0.14875 0.1725 0.03916666666666667 0.12916666666666668
5 0.13666666666666666 0.4691666666666667 0.041666666666666664 0.07916666666666666
12 0.20083333333333334 0.6066666666666667 0.13333333333333333 0.16333333333333333