10 0.8020833333333334 0.8470833333333333 0.1475 0.1875
10 0.8329166666666666 0.6708333333333333 0.13666666666666666 0.18
10 0.8370833333333333 0.5016666666666667 0.075 0.16333333333333333
0 0.83625 0.3933333333333333 0.055 0.059166666666666666
0 0.5345833333333333 0.16375 0.3541666666666667 0.2875
0 0.69625 0.26208333333333333 0.15416666666666667 0.16166666666666665
1 0.9090287658333334 0.8545763158333334 0.8995963100000001 0.8700557225 0.9033543058333333 0.8711587508333334 0.9059320058333333 0.8705636416666666 0.9060587216666666 0.8719525366666666 0.9062667541666667 0.8720135975 0.9060610258333333 0.8719777900000001 0.9094800708333334 0.9094527008333334 0.9372655491666666 0.9122013475 0.9308727916666667 0.8021888391666667 0.9088620633333333 0.79505251 0.9090287658333334 0.8545763158333334
1 0.8922073133333334 0.8111154683333334 0.8728244283333333 0.8094814066666667 0.8714840899999999 0.9212792408333333 0.8895781250000001 0.9232108566666667 0.8904658141666666 0.8741342933333334 0.8882228633333333 0.8761793575 0.8883177316666666 0.8746302174999999 0.8878881150000001 0.8747294025 0.8883522283333334 0.8740668933333334 0.8887920708333333 0.8668845158333333 0.8922073133333334 0.8111154683333334
10 0.8809952508333333 0.5861454766666666 0.8877566358333333 0.6624736391666666 0.9184545591666667 0.6660771325 0.9077764825000001 0.5845442566666667 0.8809952508333333 0.5861454766666666
10 0.8861831824999999 0.6674186141666667 0.8812608991666667 0.7754616908333334 0.9142519191666666 0.7831174966666666 0.9110562116666667 0.6693124141666666 0.8861831824999999 0.6674186141666667
5 0.8411100225 0.40750340166666665 0.8515373749999999 0.45854939666666666 0.8727281708333333 0.44449368666666667 0.8649788075 0.405047335 0.8411100225 0.40750340166666665
13 0.7479166666666667 0.57875 0.22916666666666666 0.16833333333333333