13 0.9753337858333333 0.39351851833333334 0.9753337858333333 0.3526688458333333 0.9481783208333333 0.33905228833333334 0.9527042325 0.28594771166666666 0.9187599 0.28322440083333333 0.9153654674999999 0.33224400833333334 0.8972618241666667 0.3186274508333333 0.8949988683333333 0.3635620916666667 0.8995247791666666 0.4098583875 0.9527042325 0.4643246191666666 0.9855170858333334 0.48747276749999996 0.9990948175 0.4793028325 1 0.40577342 0.9753337858333333 0.39351851833333334
10 0.8712378366666667 0.37717864916666666 0.7275401666666667 0.30909586 0.7252772116666667 0.34449891083333334 0.8361620275 0.4180283225 0.8406879391666666 0.3907952075 0.8712378366666667 0.37717864916666666
13 0.822584295 0.23556644833333332 0.7852455308333333 0.23011982583333335 0.7818510975 0.2750544658333333 0.7603530216666666 0.2750544658333333 0.7524326775 0.3104575158333333 0.8169269066666667 0.35947712416666666 0.8429508941666667 0.3567538125 0.8474768041666667 0.317265795 0.8214528175 0.29275599166666666 0.822584295 0.23556644833333332
10 0.8916044358333333 0.4193899783333333 0.8870785241666665 0.3839869275 0.8576601041666667 0.38807189583333335 0.8497397600000001 0.4411764708333333 0.9945689074999999 0.5650871458333333 1 0.5051742916666667 0.8916044358333333 0.4193899783333333
8 0.758090065 0.22875816999999998 0.6698348041666667 0.21650326833333333 0.6653088933333333 0.30909586 0.713962435 0.33769063250000003 0.713962435 0.34041394333333336 0.7467752883333334 0.30501089333333337 0.758090065 0.22875816999999998
8 0.6155238733333334 0.27641612249999997 0.6709662816666667 0.29820261416666666 0.6902014033333334 0.20833333333333334 0.6211812624999999 0.20016339833333333 0.6155238733333334 0.27641612249999997
11 0.5204797466666666 0.227396515 0.5374519124999999 0.2342047925 0.5476352116666666 0.19335512 0.5182167908333333 0.19880174250000002 0.5204797466666666 0.227396515
11 0.53858339 0.23692810416666665 0.5634758991666666 0.24782135083333334 0.5736591983333333 0.20288671083333334 0.5397148675 0.20152505416666666 0.53858339 0.23692810416666665
11 0.5623444216666666 0.24237472833333332 0.5906313641666667 0.2641612208333333 0.6019461416666667 0.20288671083333334 0.5713962433333333 0.20561002166666667 0.5623444216666666 0.24237472833333332
8 0.6064720533333333 0.27369281 0.6257071733333334 0.21105664500000001 0.6019461416666667 0.20152505416666666 0.59289432 0.26552287583333334 0.6064720533333333 0.27369281
3 0.4163837975 0.22875816999999998 0.41525231999999995 0.29956427 0.4491966508333333 0.3104575158333333 0.4695632491666667 0.25462963 0.45824847249999995 0.2069716775 0.4424077841666666 0.20152505416666666 0.4163837975 0.22875816999999998
12 0.44580221833333333 0.2151416125 0.48879837083333333 0.2260348575 0.4921928033333333 0.18246187416666668 0.45145960583333333 0.17837690666666667 0.44580221833333333 0.2151416125
12 0.5250056575000001 0.19744008666666665 0.6064720533333333 0.20424836666666665 0.6087350083333333 0.16884531583333334 0.5272686133333334 0.16884531583333334 0.5250056575000001 0.19744008666666665
10 0.6675718491666667 0.20424836666666665 0.7456438108333333 0.22058823499999997 0.7524326775 0.18110021833333334 0.6811495816666667 0.17293028333333335 0.6675718491666667 0.20424836666666665
10 0.743380855 0.21922657999999998 0.743380855 0.22058823499999997 0.8757637475 0.2641612208333333 0.8814211366666665 0.23965141666666667 0.7626159766666667 0.20561002166666667 0.743380855 0.21922657999999998
2 1 0.23556644833333332 0.9232858116666667 0.20833333333333334 0.8825526141666667 0.22194989083333336 0.9470468433333333 0.24918300583333333 0.9413894541666668 0.28322440083333333 0.9957003849999999 0.32543573 1 0.29820261416666666 0.9617560533333334 0.2886710241666667 0.960624575 0.25599128583333336 1 0.2641612208333333 1 0.23556644833333332
10 0.8712378366666667 0.2696078433333333 0.9413894541666668 0.29139433583333335 0.9447838883333333 0.2600762525 0.8870785241666665 0.23965141666666667 0.8712378366666667 0.2696078433333333
0 0.31907671416666666 0.42347494583333334 0.27494908333333334 0.4125817 0.20835107833333336 0.4859357833333333 0.1595383575 0.34041394333333336 0.09164969416666667 0.39351851833333334 0.10070151666666667 0.678104575 0.17085313416666667 0.6644880175 0.31907671416666666 0.42347494583333334
3 0.39262276583333333 0.3131808283333333 0.3518895683333333 0.281862745 0.32699705833333337 0.3063725491666667 0.31939848333333337 0.44048986250000005 0.326391355 0.5712528641666667 0.3960171983333333 0.46296296333333337 0.39262276583333333 0.3131808283333333
3 0.2044086775 0.7501512633333334 0.31681375833333336 0.4861111116666667 0.31939848333333337 0.44048986250000005 0.31681375833333336 0.3921568625 0.25797691749999996 0.37445533833333333 0.20253451 0.4207516333333333 0.21498076500000002 0.6726579524999999 0.2044086775 0.7501512633333334
0 0.373387645 0.3499455341666667 0.3654673 0.3295206975 0.3247341025 0.37037037 0.323602625 0.26552287583333334 0.29757863749999997 0.2573529408333333 0.26702873916666664 0.2791394341666667 0.2738176058333333 0.3907952075 0.31568228083333333 0.4343681908333334 0.36886173333333333 0.37717864916666666 0.373387645 0.3499455341666667
3 0.38017651 0.2573529408333333 0.3790450325 0.29684095833333335 0.3473636566666667 0.2886710241666667 0.32586558083333333 0.317265795 0.3224711475 0.4438997816666667 0.40506902 0.4261982575 0.4073319758333333 0.42347494583333334 0.4469336958333333 0.32815904166666665 0.4356189183333333 0.24237472833333332 0.4095949308333333 0.22875816999999998 0.38017651 0.2573529408333333