13 0.4706254308333333 0 0.4607084658333333 0.014472771666666665 0.42025633916666666 0.008787596666666666 0.4029929875 0.0337837275 0.3510351058333333 0.021911133333333332 0.34361416 0.05514611 0.39168429833333335 0.06532971916666666 0.37568071583333335 0.08136212083333333 0.4198631133333333 0.08985674666666667 0.46633874166666667 0.09181808083333333 0.5276760616666667 0.04673640083333333 0.5551656 0.017464479166666665 0.5489648291666667 0.00288185 0.5301435066666667 0 0.4706254308333333 0
10 0.46561077666666667 0.15570122583333335 0.4392725783333334 0.1474292425 0.43004025916666666 0.11528159583333335 0.3426211966666667 0.2481055175 0.377364765 0.2552736016666667 0.46561077666666667 0.15570122583333335
13 0.33951046166666665 0.15283274833333332 0.2830349541666667 0.14375303583333335 0.2724447858333333 0.17997039833333334 0.31646971166666665 0.18958549083333334 0.3134777575 0.21087434833333332 0.3474339691666667 0.223644765 0.40495238333333333 0.1666004 0.4058774141666666 0.14045066416666666 0.36740357583333333 0.13047313 0.33951046166666665 0.15283274833333332
10 0.43893783833333333 0.13024323833333334 0.4904233041666667 0.14547723 0.6332844108333333 0.019302583333333335 0.5747104866666667 0.005586087500000001 0.4746752733333333 0.100987885 0.43898687750000004 0.10054259833333333 0.43893783833333333 0.13024323833333334
8 0.3339602775 0.30973116 0.36904803166666666 0.265530735 0.3717448391666667 0.26590974666666667 0.34125299583333335 0.22848907333333335 0.2673170716666667 0.2066720833333333 0.242898675 0.2923628975 0.3339602775 0.30973116
8 0.29466984083333336 0.35448353583333336 0.3239604 0.3026127825 0.2376427325 0.2710574691666667 0.21994656 0.3382688758333333 0.29466984083333336 0.35448353583333336
11 0.23289970333333335 0.44178048833333333 0.24200379166666663 0.4259210233333333 0.20296890666666667 0.4101516525 0.20426827083333335 0.44004179833333334 0.23289970333333335 0.44178048833333333
11 0.24485807166666665 0.42517956916666666 0.25910967416666664 0.40204535916666667 0.21602957583333335 0.38570747 0.20995703333333335 0.4191319508333333 0.24485807166666665 0.42517956916666666
11 0.2535585866666667 0.4024078016666667 0.27906983583333334 0.37742823999999997 0.21996635750000001 0.35769581333333333 0.21841144166666665 0.38832741416666666 0.2535585866666667 0.4024078016666667
8 0.29071326166666667 0.3630682516666667 0.23136367916666667 0.3353030575 0.2186179525 0.3575063075 0.28073318166666666 0.3753768125 0.29071326166666667 0.3630682516666667
3 0.30523167083333336 0.5239297191666666 0.25278158083333335 0.49599158749999994 0.20401271916666666 0.5005635441666666 0.19641450416666667 0.5154920483333334 0.21976075083333332 0.5450528891666666 0.28972029916666664 0.5560276591666667 0.30523167083333336 0.5239297191666666
12 0.21037096166666666 0.5140257075 0.22714210166666665 0.47296403749999993 0.18446558166666668 0.46353845166666663 0.17475140333333333 0.5033067191666667 0.21037096166666666 0.5140257075
12 0.20386469416666667 0.4331294941666667 0.22194464666666666 0.35340345333333334 0.18720107833333333 0.34623536916666664 0.17586314833333333 0.42690893833333327 0.20386469416666667 0.4331294941666667
10 0.230448095 0.2928982766666667 0.2574944616666667 0.21786017583333334 0.2193355675 0.20564170833333334 0.2013244525 0.2750940466666667 0.230448095 0.2928982766666667
10 0.29526867333333334 0.08605730833333333 0.24502408416666668 0.1989686175 0.25583111583333334 0.21991160333333334 0.2571795191666667 0.22010110916666667 0.31875259333333333 0.095070745 0.29526867333333334 0.08605730833333333
2 0.291069985 0 0.2700818125 0.0402414225 0.27789688916666666 0.08247326583333332 0.313840835 0.022396806666666668 0.34676358500000004 0.032736785000000004 0.3804921925 0 0.3603744958333333 0 0.354991685 0.013326415833333334 0.32247251250000003 0.0098987425 0.3260210391666667 0 0.291069985 0
10 0.323516325 0.10031063333333333 0.35485401083333334 0.03387382083333333 0.3243131266666667 0.026153785833333335 0.29605603 0.0804549775 0.323516325 0.10031063333333333
0 0.382111415 0.7106944608333333 0.4454829708333333 0.7868532541666666 0.29458392166666664 0.8149382066666666 0.33772341083333335 0.8895569108333332 0.6207996650000001 0.9201999041666666 0.6170788416666666 0.8488359383333333 0.3990400275 0.6685123241666666 0.382111415 0.7106944608333333
3 0.2841795625 0.6443715558333333 0.4159341383333333 0.670561705 0.5463977824999999 0.68183558 0.4488517966666667 0.5978162891666666 0.30005491666666667 0.5803320425 0.2633726533333334 0.6163101925 0.2841795625 0.6443715558333333
3 0.46075168 0.6794705258333333 0.4159341383333333 0.670561705 0.3677117875 0.6663946216666666 0.3419940275 0.7221952908333333 0.3801236783333333 0.783541335 0.6313106466666667 0.80627479 0.7065784475 0.827528975 0.46075168 0.6794705258333333
0 0.36012301916666667 0.6127686099999999 0.33378482 0.6044966266666666 0.3124564575 0.6094973041666666 0.34723961833333333 0.6555192641666666 0.24325502166666665 0.6420477791666667 0.23154275666666668 0.6666814683333333 0.24886550083333334 0.6999661508333334 0.36037947583333335 0.7087828333333334 0.40935484666666666 0.6733897691666667 0.36012301916666667 0.6127686099999999
3 0.23592180499999998 0.5279000216666666 0.21881592333333336 0.5517756866666667 0.2430381583333333 0.5848874325 0.28198440999999996 0.5915035683333333 0.26948479000000003 0.6217395883333333 0.294809325 0.6470080691666666 0.41973850416666664 0.6679935125 0.4137046525 0.5837359008333333 0.4113227858333333 0.5811159558333333 0.32244598416666664 0.5286342275 0.23592180499999998 0.5279000216666666