13 0.3888160766666667 0.5537792558333333 0.3451288775 0.43611715000000006 0.2664919175 0.48215884416666666 0.13834279916666667 0.7878245300000001 0.09174311916666666 0.7954981458333333 0.04659968 0.9080445066666666 0.06261831916666666 1 0.21552351749999998 0.9950121491666666 0.588320955 0.7916613375 0.567933595 0.5448267041666667 0.5024027958333334 0.4949482033333334 0.3888160766666667 0.5537792558333333
3 0.2490170375 0.2174191075 0.21261103833333334 0.24555569749999998 0.21552351749999998 0.3478705716666667 0.17389804416666665 0.389734665 0.18348623833333333 0.4476275741666667 0.13979903833333335 0.5192479858333333 0.18931119916666667 0.4808799075 0.2927042375 0.35426525166666667 0.27377311833333334 0.2378820825 0.2490170375 0.2174191075
3 0.12523663916666666 0.4386750225 0.17389804416666665 0.389734665 0.16018639833333334 0.3069446225 0.11504295916666665 0.2928763266666667 0.08300567916666667 0.3222918533333333 0.09465559916666667 0.4642537416666667 0.08300567916666667 0.5166901133333334 0.12523663916666666 0.4386750225
3 0.3116353575 0.19951400416666668 0.32182903749999997 0.26473973666666667 0.31309159750000004 0.26857654416666665 0.2839667983333333 0.20207187666666668 0.2650356775 0.21102442833333332 0.2708606383333333 0.29799207083333334 0.31454783833333333 0.3235707883333333 0.3742536766666667 0.2736922883333333 0.35677879749999997 0.18544570916666667 0.33056647666666666 0.180329965 0.3116353575 0.19951400416666668
3 0.3815348766666667 0.17009847833333333 0.36114751666666667 0.180329965 0.3786223966666667 0.2519503766666667 0.4281345566666667 0.2161401708333333 0.4208533566666667 0.16498273416666664 0.39755351666666666 0.1547512475 0.3815348766666667 0.17009847833333333
5 0.4820154366666667 0.152193375 0.562108635 0.1547512475 0.5606523958333334 0.12149891333333333 0.48347167583333334 0.12277784833333333 0.4820154366666667 0.152193375
5 0.6101645558333333 0.1483565675 0.672782875 0.15347231083333335 0.678607835 0.12277784833333333 0.611620795 0.11510423333333333 0.6101645558333333 0.1483565675
10 0.668414155 0.15730911916666665 0.7572447941666667 0.17393528583333334 0.7732634341666667 0.14963550333333334 0.672782875 0.1342882725 0.668414155 0.15730911916666665
10 0.7557885533333334 0.17905102916666665 0.8650065533333333 0.20207187666666668 0.8810251925 0.17393528583333334 0.7674384741666667 0.152193375 0.7557885533333334 0.17905102916666665
2 1 0.17265635000000001 0.9174311925 0.15091443916666666 0.8897626333333333 0.16754060583333336 0.9523809525 0.17521422166666667 0.9436435125000001 0.2225348516666667 0.9975243925000001 0.2378820825 1 0.22892953083333334 0.9771370325 0.2135823 0.9727683116666667 0.19184038833333333 1 0.18928251666666665 1 0.17265635000000001
10 0.8664627933333332 0.19695613250000002 0.9363623133333334 0.2161401708333333 0.9494684716666666 0.19695613250000002 0.8853939133333334 0.17777209416666667 0.8664627933333332 0.19695613250000002