13 0.8207989691666666 0.36169623083333335 0.7988917525 0.4919623058333334 0.7331701033333333 0.6125277158333333 0.6957989691666666 0.7192350333333334 0.8530154641666666 0.7996119733333333 0.8929639174999999 0.5640243899999999 0.8826546391666666 0.40465631916666667 0.847860825 0.35615299333333333 0.8207989691666666 0.36169623083333335
3 0.22414948416666666 0.4268292683333333 0.18122130333333333 0.4790679908333333 0.18806700999999998 0.5667960091666667 0.28729381416666666 0.4212860308333333 0.28213917499999996 0.28270510000000004 0.2563659791666667 0.26884700666666667 0.218994845 0.3076496675 0.22414948416666666 0.4268292683333333
3 0.12621134 0.5460088691666667 0.18122130333333333 0.4790679908333333 0.1726030925 0.36862527749999996 0.12363402083333334 0.35476718416666664 0.08497422666666667 0.40188470083333333 0.096572165 0.5626385808333333 0.07724226833333332 0.64440133 0.15682401166666668 0.6498350608333333 0.12621134 0.5460088691666667
3 0.31435567000000003 0.252217295 0.3246649483333333 0.36031042166666666 0.3066237116666667 0.26330376916666665 0.28471649499999996 0.25498891333333334 0.2666752575 0.27993348083333336 0.2692525775 0.39079822583333335 0.2988917525 0.4199002216666667 0.37621134 0.33813747250000004 0.36719072166666666 0.24113082 0.34141752583333335 0.22588691833333333 0.31435567000000003 0.252217295
3 0.37621134 0.21341463416666664 0.3607474225 0.22588691833333333 0.34786082500000004 0.30072062083333334 0.37878866 0.32566518833333336 0.4226030925 0.271618625 0.41615979416666665 0.20509977833333332 0.3916752575 0.19539911333333335 0.37621134 0.21341463416666664
5 0.49219072166666666 0.19124168500000002 0.5695103091666667 0.19955654083333332 0.5746649483333334 0.15382483333333333 0.49347938166666666 0.151053215 0.49219072166666666 0.19124168500000002
5 0.6236340208333333 0.18292682916666667 0.6829123708333333 0.18985587583333335 0.6854896908333333 0.15659645249999998 0.62492268 0.15243902416666666 0.6236340208333333 0.18292682916666667
10 0.6983762883333333 0.16075388 0.6854896908333333 0.19262749416666666 0.7666752575 0.20648558749999998 0.7666752575 0.20787139666666665 0.7756958766666667 0.18292682916666667 0.6983762883333333 0.16075388
10 0.75121134 0.21202882499999998 0.8104896908333333 0.22588691833333333 0.81693299 0.19678492250000001 0.7602319591666667 0.18985587583333335 0.75121134 0.21202882499999998
10 0.8079123708333333 0.22311529916666667 0.8736340208333333 0.24390243916666668 0.8955412374999999 0.21064301583333334 0.81435567 0.19817073166666666 0.8079123708333333 0.22311529916666667
2 0.9934793816666666 0.23004434583333336 0.9960567008333334 0.19955654083333332 0.9367783508333334 0.17876940166666666 0.8942525775 0.20509977833333332 0.9651288658333335 0.22865853666666666 0.9561082475 0.2743902441666667 0.9960567008333334 0.28686252749999996 0.9947680408333334 0.26468957833333334 0.9934793816666666 0.23004434583333336
10 0.8826546391666666 0.24667405750000002 0.9509536083333334 0.26884700666666667 0.9664175258333334 0.24113082 0.9006958766666666 0.22172948999999997 0.8826546391666666 0.24667405750000002