13 0.1574562875 0.5685836441666667 0.20596861916666667 0.44571896166666664 0.2953210508333333 0.3414524941666667 0.3540612341666667 0.24484688333333332 0.21699160250000002 0.133539225 0.12893470583333333 0.35567290416666664 0.10588421666666667 0.51370182 0.12983329416666667 0.5683792725 0.1574562875 0.5685836441666667
3 0.8074606074999999 0.5867524125 0.8190041766666667 0.49951815916666664 0.6916924908333333 0.6212179825 0.6679218933333333 0.7578422975 0.6902506233333333 0.7767561066666667 0.734872635 0.7465712733333334 0.75460947 0.6289243225000001 0.8074606074999999 0.5867524125
3 0.8751862624999999 0.5327115674999999 0.8074606074999999 0.5867524125 0.7929281591666666 0.6965735141666667 0.8379458791666667 0.7203100175 0.8855571466666667 0.682259955 0.9076352625 0.5226075858333333 0.9435421858333333 0.44665045999999997 0.8668292308333334 0.42478949499999996 0.8751862624999999 0.5327115674999999
3 0.5760851483333334 0.7808248691666666 0.5981257525 0.8010942033333334 0.6300706349999999 0.780965685 0.6424604633333333 0.6730912333333333 0.6399386391666667 0.7717290416666667 0.659638375 0.7844169641666666 0.682471635 0.7637684791666666 0.7030007125000001 0.65479054 0.6800598691666666 0.6201621616666667 0.5874304691666666 0.6840625524999999 0.5760851483333334 0.7808248691666666
3 0.57921826 0.7970752916666667 0.6073820566666667 0.72655616 0.5823163358333333 0.6957264325 0.5282224416666667 0.7394824158333334 0.5206948925 0.8058873033333334 0.5426275016666667 0.8204666066666667 0.5614991324999999 0.8060598975000001 0.57921826 0.7970752916666667
5 0.44344416333333336 0.8036348449999999 0.36954295000000004 0.7794260425 0.3549927958333333 0.8230866933333333 0.43382801083333333 0.8426771733333334 0.44344416333333336 0.8036348449999999
5 0.31314446 0.7844394033333333 0.2566021141666667 0.7653371108333333 0.24716609166666667 0.7973338808333333 0.30554518999999997 0.8139930491666667 0.31314446 0.7844394033333333
10 0.178415285 0.7302999891666667 0.16440552083333332 0.7528239658333333 0.23542547499999997 0.7905880291666667 0.25465736666666666 0.7620902041666666 0.17812715916666666 0.731655515 0.178415285 0.7302999891666667
10 0.19440565666666668 0.7294485391666666 0.13930393916666667 0.7035686166666667 0.12695079666666667 0.7306950266666666 0.18097214416666665 0.7492614641666666 0.19440565666666668 0.7294485391666666
10 0.14124868666666668 0.7068155241666667 0.08128510166666668 0.6728183333333333 0.0529415875 0.7007961925 0.12975992249999999 0.7298753558333333 0.14124868666666668 0.7068155241666667
2 0 0.7197610375 0.0059787075 0.7233996133333332 0.05304958333333334 0.7064862241666666 0 0.6753791075 0 0.7197610375
10 0 0.6616816841666666 0.050204597499999996 0.6888802741666666 0.0730378575 0.66823179 0.0108414 0.6323432183333334 0 0.6447452266666667 0 0.6616816841666666