13 0.5622629908333333 1 0.5730644891666666 0.9816036691666666 0.6138146541666667 0.9844531983333333 0.6292923116666667 0.9583137258333333 0.6819518166666666 0.9665330008333333 0.6870363308333333 0.9328613233333334 0.6383729158333333 0.9260557241666667 0.6532191508333334 0.9089460241666666 0.6085518241666666 0.9035540983333334 0.5620525925000001 0.9048395175 0.5040094266666667 0.9540900566666667 0.47862875666666665 0.9852082458333332 0.4858316558333333 0.9993228091666666 0.4940591625 1 0.5622629908333333 1
10 0.5583225208333333 0.8410612091666667 0.5851735858333333 0.8474757816666667 0.5966259216666666 0.8789011041666667 0.6745667075 0.74030269 0.6394077525 0.735575655 0.5583225208333333 0.8410612091666667
13 0.6843157575 0.8351263858333333 0.7412870616666667 0.8402444483333333 0.7493250375 0.8033765766666666 0.7047366391666667 0.79685593 0.7062362691666667 0.7754102216666666 0.671471955 0.7650395791666667 0.6180728658333333 0.8259572691666667 0.6189742016666667 0.8521078316666667 0.6580503175 0.8593772616666666 0.6843157575 0.8351263858333333
10 0.586706345 0.8645965716666666 0.5342836258333333 0.8529911333333334 0.40057202 0.9888239124999999 0.4599600758333333 0.9984210849999999 0.553096715 0.8962735783333333 0.5887292375000001 0.8942282833333334 0.586706345 0.8645965716666666
8 0.6789077416666667 0.6782230091666667 0.646988725 0.7247633625000001 0.6442720483333333 0.7245733941666667 0.6772999491666667 0.7597759083333333 0.7525776458333333 0.7763822441666667 0.7709590708333334 0.6891968275 0.6789077416666667 0.6782230091666667
8 0.7149807 0.6308388858333334 0.6893798125 0.6846264908333333 0.7776884025 0.7100837208333334 0.7906530374999999 0.641801615 0.7149807 0.6308388858333334
11 0.7705108416666667 0.5394457166666667 0.76253523 0.5559016183333334 0.8025750441666667 0.56890964 0.799193815 0.5391829441666667 0.7705108416666667 0.5394457166666667
11 0.759739625 0.5568403708333333 0.7471365 0.5809123683333333 0.7912513299999999 0.5942053433333334 0.7949775066666667 0.5604386841666666 0.759739625 0.5568403708333333
11 0.7526487825 0.5801635841666666 0.7289421633333333 0.6068618725 0.7892781325 0.6224233816666667 0.7886925091666667 0.5917579325 0.7526487825 0.5801635841666666
8 0.7183288016666667 0.6219990841666667 0.7794706141666666 0.6455566266666667 0.7906364725 0.6225183658333333 0.7274259691666667 0.6090243316666667 0.7183288016666667 0.6219990841666667
3 0.6926246308333333 0.4625422208333333 0.7468958208333334 0.48675356333333336 0.7952269591666666 0.47879079999999996 0.8017653058333334 0.4633686358333334 0.77641387 0.4355083558333333 0.7058591783333333 0.4294404508333333 0.6926246308333333 0.4625422208333333
12 0.7879451333333334 0.46580495833333335 0.7740791633333334 0.5079365 0.8173092216666666 0.5143621608333333 0.8242256425000001 0.47401314083333335 0.7879451333333334 0.46580495833333335
12 0.8000785858333334 0.5460502575 0.7876040825 0.6268432841666667 0.8227630375 0.6315703183333333 0.8284458458333332 0.5503023716666666 0.8000785858333334 0.5460502575
10 0.7833419758333333 0.6877942433333333 0.7615958858333334 0.7645362141666666 0.8005141441666667 0.7740630883333334 0.813636635 0.7035235408333333 0.7833419758333333 0.6877942433333333
10 0.7331077941666666 0.8986530133333334 0.7753536950000001 0.7825118641666666 0.7631120800000001 0.762373755 0.7617537416666668 0.7622787708333333 0.7090523341666667 0.8912996875000001 0.7331077941666666 0.8986530133333334
2 0.7364180508333333 1 0.7614292558333333 0.9426003466666667 0.7506872716666667 0.90101653 0.719021605 0.9634539691666667 0.6854577725 0.9554357533333333 0.6455357983333333 1 0.6706043316666667 1 0.678603715 0.9753728033333334 0.7112827749999999 0.9765237041666668 0.704674215 1 0.7364180508333333 1
10 0.7039346908333334 0.8864048641666666 0.6773077391666666 0.9548658475 0.7083127499999999 0.9604366516666666 0.7327131541666666 0.9042966191666667 0.7039346908333334 0.8864048641666666
0 0.6029041116666666 0.28159528833333336 0.5343743575000001 0.21004259083333332 0.6829467166666667 0.17149986583333332 0.6347071758333332 0.10007218749999999 0.35018293333333333 0.08925024083333334 0.3588727916666667 0.160180815 0.5889592133333333 0.3248555525 0.6029041116666666 0.28159528833333336
3 0.7052238591666667 0.34092525333333334 0.5719632991666667 0.32398963666666664 0.4410310308333334 0.3218439083333333 0.54420029 0.39885406833333337 0.6938543466666667 0.4059161783333334 0.727937545 0.36746684333333335 0.7052238591666667 0.34092525333333334
3 0.5266334816666667 0.3182288308333333 0.5719632991666667 0.32398963666666664 0.6203588633333333 0.3247827475 0.6421215183333334 0.26732402666666666 0.599805465 0.2087872075 0.34764457 0.2036310475 0.2710775008333333 0.18767905333333335 0.5266334816666667 0.3182288308333333
0 0.6316699075 0.3777487641666667 0.6585209725000001 0.3841633366666667 0.67944855 0.37768705 0.64153979 0.33420354750000003 0.7462108083333334 0.3403886175 0.7561761833333334 0.3149979291666667 0.7365738141666667 0.2830027 0.6247164616666667 0.28198631583333333 0.5783292875 0.3207095133333333 0.6316699075 0.3777487641666667
3 0.7614887066666666 0.4537467775 0.7768874375 0.4287360266666667 0.7504144475 0.3973945975 0.7111015483333334 0.39351133083333334 0.7214615625 0.362477035 0.6944360766666667 0.3390366575 0.5683473474999999 0.3268169525 0.5802440158333333 0.41044841666666665 0.5828028375 0.4128958283333333 0.6751240808333333 0.4590499816666666 0.7614887066666666 0.4537467775