13 1 0.6480032216666667 0.7718935733333333 0.3623743791666667 0.5323491408333334 0.4253143933333333 0.49460771000000003 0.4985109433333333 0.5722691141666667 0.6001561200000001 0.46398076250000003 0.6636114225 0.5229781441666667 0.7330586541666667 0.8462529424999999 0.80618261 0.8619019283333333 0.8507418266666666 0.9805775333333334 0.8756559650000001 1 0.8686321225 1 0.6480032216666667
3 0.2811481283333333 0.7683062858333333 0.26529488 0.7962396241666666 0.29932584749999996 0.8272066666666666 0.3995805825 0.8065716433333333 0.4480368533333333 0.8402951091666667 0.5033852666666667 0.8207995825000001 0.5815038066666667 0.8513863216666667 0.5351209291666666 0.8092889091666667 0.39247582166666667 0.7294530475 0.2811481283333333 0.7683062858333333
3 0.4480368533333333 0.8402951091666667 0.36888558 0.8681747841666667 0.36287008916666663 0.9150753266666667 0.39740194333333334 0.9415179358333334 0.5351841241666667 0.9053935808333333 0.5888468566666667 0.9077610325000001 0.5046836616666667 0.8797188341666666 0.4480368533333333 0.8402951091666667
3 0.21509459666666667 0.69566713 0.2146082933333333 0.7223695666666666 0.23678823833333335 0.7376818058333333 0.29925293166666667 0.7163166608333333 0.30454869 0.724255105 0.24411184583333334 0.7644858475 0.2562157433333333 0.7815747675 0.3408506575 0.7607365283333333 0.35845457416666665 0.7132713375 0.29896603083333334 0.6631338758333334 0.21509459666666667 0.69566713
3 0.2767958075 0.66260697 0.2329319425 0.6200653875000001 0.18381607 0.6361193658333334 0.17778599666666667 0.6608419074999999 0.19568167666666667 0.6739521700000001 0.20929795166666668 0.6922531208333333 0.2767958075 0.66260697
5 0.16060032583333334 0.5781073241666667 0.14921130083333334 0.49878675166666664 0.11671701749999999 0.5059950741666667 0.13137881416666666 0.5817811608333333 0.16060032583333334 0.5781073241666667
5 0.13456894666666666 0.4525713325 0.12873341333333332 0.39001598666666665 0.097493775 0.38960955833333333 0.1015689175 0.4569114241666667 0.13456894666666666 0.4525713325
10 0.1332705525 0.39365208166666665 0.13421885166666667 0.3032838758333333 0.10750663 0.2917282075 0.10984082416666667 0.39334726 0.1332705525 0.39365208166666665
10 0.13950974916666667 0.30382965333333334 0.14321535166666666 0.19227339166666668 0.11272461083333334 0.18138398 0.11103713583333333 0.29702050416666664 0.13950974916666667 0.30382965333333334
2 0.14622361166666667 0.054667016666666665 0.1350796525 0.0798476625 0.11442666916666668 0.08792545666666667 0.10717892500000001 0.06155164833333333 0.09080534666666666 0.06443875166666667 0.08373166750000001 0.14952859666666665 0.10490984 0.173889705 0.10159331916666667 0.11089018916666667 0.14971228333333333 0.11127774666666668 0.15547003833333334 0.05555042 0.14622361166666667 0.054667016666666665
10 0.13792445333333334 0.191727615 0.14467911916666668 0.1195587525 0.12351066916666667 0.10998298000000001 0.11574450916666666 0.176415375 0.13792445333333334 0.191727615