13 0.586417005 0.8384848775 0.461181765 0.7964692716666667 0.35238184666666666 0.7126961791666666 0.2528344066666667 0.6590924441666667 0.14885296166666667 0.8017996191666666 0.37529075666666667 0.8781102583333334 0.5343094683333334 0.8928585633333334 0.5876585891666667 0.8660807108333334 0.586417005 0.8384848775
3 0.5705422766666666 0.18842048583333332 0.4828234308333333 0.181458225 0.6110194483333333 0.30222615833333333 0.7487005808333334 0.318813815 0.7664198741666667 0.29552581333333333 0.7339410716666667 0.2525447058333333 0.6154224066666667 0.23899208583333334 0.5705422766666666 0.18842048583333332
3 0.5130310058333333 0.12361592583333333 0.5705422766666666 0.18842048583333332 0.6809734416666667 0.19718542583333334 0.7023213691666667 0.15098712833333333 0.6618316716666667 0.10543249666666667 0.5012426216666667 0.09174019833333334 0.42351037 0.0598577725 0.40569420916666665 0.13760971 0.5130310058333333 0.12361592583333333
3 0.7764580191666667 0.40932188583333334 0.7955460591666667 0.3862506725 0.77377326 0.355403015 0.6653982125 0.3486758783333333 0.7640328233333333 0.3460319425 0.7756723533333333 0.3256951708333333 0.7538571666666667 0.30397386083333333 0.6439541683333333 0.2891763825 0.6105738783333333 0.313898095 0.6792345441666666 0.40305626166666664 0.7764580191666667 0.40932188583333334
3 0.7925221975000001 0.4053425858333334 0.72062573 0.38090807416666667 0.6911500916666666 0.40755294583333335 0.7376771649999999 0.45928269499999996 0.8043850083333334 0.46332456499999997 0.8177964675 0.44065899166666667 0.8024218375 0.42256721249999996 0.7925221975000001 0.4053425858333334
5 0.8061786283333333 0.5405873083333333 0.7858706933333334 0.6156542333333334 0.830233005 0.6278994258333334 0.8456707208333333 0.5481469649999999 0.8061786283333333 0.5405873083333333
5 0.7938288516666666 0.6717130525 0.7777119366666667 0.7291776458333333 0.8101586991666666 0.736926155 0.8237397108333333 0.6777551900000001 0.7938288516666666 0.6717130525
10 0.7468148141666666 0.8090910241666667 0.7700411366666666 0.821902775 0.8040365491666667 0.7490037325 0.77457126 0.7312896583333334 0.7481835616666667 0.8093078125 0.7468148141666666 0.8090910241666667
10 0.74512766 0.7931671283333334 0.7221670058333334 0.8495477808333334 0.7499027541666666 0.8604643074999999 0.7656164883333333 0.8055453016666667 0.74512766 0.7931671283333334
10 0.7253076833333334 0.8474357683333333 0.6944953366666666 0.9090964508333333 0.7239182375 0.9359368733333334 0.7489371883333333 0.8577019300000001 0.7253076833333334 0.8474357683333333
2 0.7390593616666666 1 0.7489485291666667 0.9816524216666667 0.7295948191666667 0.9355312325 0.6961967558333333 1 0.7390593616666666 1
10 0.6832756025 1 0.7121618933333334 0.9392937441666667 0.6903467058333334 0.9175724341666668 0.65776243 0.9815619158333334 0.6812277441666666 1 0.6832756025 1