13 0.3272750883333333 1 0.6280528341666667 0.7765310083333333 0.5735111416666667 0.534935925 0.5016763375000001 0.49466296249999997 0.3973827366666667 0.5687296908333334 0.33774529833333333 0.4582927475 0.26628139333333334 0.5148305166666667 0.18191985416666664 0.8353563958333333 0.13684164000000001 0.8494407541666666 0.10780096 0.9671745741666666 0.118391745 1 0.3272750883333333 1
3 0.179996085 0.28802874500000003 0.1971196991666667 0.38894255916666665 0.1617256775 0.43619237999999994 0.17927769583333333 0.4921874608333333 0.14598329083333333 0.5691909508333333 0.1896737983333333 0.5243055066666666 0.27443926916666667 0.3845335266666666 0.23949497916666668 0.2719176925 0.2121319275 0.25509924250000005 0.179996085 0.28802874500000003
3 0.08996329083333333 0.348467705 0.062331645 0.3820556891666667 0.093625465 0.5210146591666667 0.08938665416666668 0.5745620791666667 0.12034902333333332 0.49142881166666663 0.1617256775 0.43619237999999994 0.136625325 0.3561163366666667 0.08996329083333333 0.348467705
3 0.27164894166666664 0.22865360499999998 0.290821085 0.29182587833333334 0.28270265749999995 0.29684136333333333 0.2446056375 0.2350373033333333 0.2271047075 0.24653743250000001 0.24497653666666663 0.33184803333333335 0.29179844583333336 0.3510977375 0.343981485 0.293395205 0.31439512 0.20843946916666667 0.28772592166666666 0.20702156083333334 0.27164894166666664 0.22865360499999998
3 0.374998215 0.17925818333333335 0.3505011791666666 0.17236897916666666 0.33677435333333333 0.18979621583333334 0.3180093491666667 0.2027655025 0.3452818 0.2712568758333333 0.38932829333333335 0.22890441166666667 0.374998215 0.17925818333333335
5 0.5073849608333333 0.11674127749999999 0.4311333516666666 0.12874924666666668 0.433785135 0.1580811725 0.5134548583333334 0.14946733333333334 0.5073849608333333 0.11674127749999999
5 0.6243704591666667 0.1015915425 0.5569673716666667 0.1033154 0.560153135 0.13644679416666666 0.6228740308333334 0.13279796583333334 0.6243704591666667 0.1015915425
10 0.7218427399999999 0.11501430666666666 0.6202041291666667 0.11380062500000002 0.6190818075000001 0.13720544333333334 0.7093618683333334 0.14130696916666666 0.7218427399999999 0.11501430666666666
10 0.8319376441666666 0.1240800675 0.716430455 0.11835796333333334 0.7086317733333333 0.14657559666666667 0.8199907541666667 0.15417219916666666 0.8319376441666666 0.1240800675
2 0.9252798341666666 0.12904274416666667 0.9518905183333334 0.12271984749999999 0.9495766033333333 0.10625548583333334 0.8647854608333334 0.0962165225 0.8397000849999999 0.11653160333333332 0.9027769683333334 0.11541575416666668 0.9007103191666666 0.16349188 0.9562027558333334 0.17119098333333332 0.9574083166666666 0.16198101916666666 0.9326319283333333 0.14996505666666665 0.9252798341666666 0.12904274416666667
10 0.9029187208333334 0.13735141333333334 0.8367978291666667 0.12727152833333333 0.8207208475 0.14890357166666665 0.8926100124999999 0.15817277916666667 0.9029187208333334 0.13735141333333334